0.8667005995707109
0.34896444644827357
0.3655927040991642
0.3683911491766739
0.9305529842068581
0.9385120579252166
0.6842182118736961
0.7538657571167227
0.2365896739697863
0.29838632435762463
0.8073451205597226
0.9306570423395605
0.8570305563039202
0.866412035911803
0.07012777517655723
0.3209489931733118
0.23954689956364927
0.19876936185263383
0.4961295151642367
0.8326432795085721
0.5468237782815486
0.2665849150826469
0.7940015606486535
0.5735690906696036
0.22030257635104258
0.6175997454085341
0.9364760772179888
0.014231829470593205
0.20251168662815486
0.7264830749011897
0.1771331655687125
0.49224469896024314
0.8627817591805769
0.17685480901611506
0.33405063456021256
0.613935812109153
0.038387775236876344
0.16090599832614827
0.9859908646194133
0.21611616071258605
0.985905894258939
0.009057563393542037
0.25226249723195004
0.6987434468963543
0.3860876155675893
0.05678945451860182
0.10695736302001668
0.6112625811174752
0.9378480486363884
0.07210364837753613
0.5158280111792128
0.6699473970610579
0.1698676300570605
0.9200688891168156
0.08483676653447847
0.5106992477431734
0.9316998107252494
0.8677303297505274
0.05345775173661815
0.5388135135434854
0.5496172014937442
0.6217090487526442
0.5560461827588681
0.4733201891608958
0.4179796177456784
0.8328528430351474
0.3543517613657664
0.040652987656290884
0.24782078878089442
0.11948980983907687
0.9518765369221114
0.28483801006250875
0.7645260865384323
0.11969594200965683
0.2903487160767926
0.19992315132190708
0.7858959745272711
0.11076664521136692
0.6577553898410896
0.9921445887069982
0.12268577040957807
0.23908275206791707
0.8806774944681963
0.8426896285811485
0.522990035167463
0.9406172098305534
0.20548669877536296
0.33420763503838785
0.498594811612197
0.08061990668404984
0.24222480293787063
0.6681190869814522
0.7167098902925023
0.7657879836018822
0.32437636349182475
0.47511781934511643
0.3112373379610256
0.9186899561335964
0.7018111712659124
0.2639171084292433
0.7254152905939217
0.10776414213192809
0.6541497648269479
0.2046148655116573
0.5968087903564285
0.42140671158328413
0.3378427974279112
0.19841207852252163
0.273725018978751
0.43907413989512517
0.002952994597303005
0.5122811613314961
0.6247112175296976
0.5460513397565929
0.1537118353136191
0.5650373524722909
0.9008640307280605
0.9805962987491856
0.9626628630767222
0.8197588822611224
