0.12147451823134947
0.4541663827535316
0.12883435968534884
0.2443606222825152
0.34775465587543714
0.4396826947404753
0.2757833498309932
0.45979792816293064
0.22222686576257566
0.7331373306335296
0.1791241522387923
0.2929269025787762
0.4692045092992305
0.08397331455871049
0.04184821219659147
0.06382854567279406
0.0942134936397554
0.01513965032563891
0.11780324914539952
0.3383972851432857
0.015122592587703432
0.025225665231574122
0.31444581828866003
0.3646007143943648
0.0010855680686003844
0.4144818684260643
0.30395414269756005
0.030292019879971654
0.16643722428429797
0.19359100664656212
0.4048384408870913
0.05975012289656581
0.0905614572421718
0.23790099225264838
0.29974415675068283
0.4972502874830535
0.34369703787570494
0.31059616605895
0.5593441032829597
0.02905220623056491
0.06898634869674458
0.2219624610820068
0.38815637668427766
0.22906954366748378
0.21662170173093132
0.5078094088053384
0.0482563072901597
0.35435591790138243
0.4817052216876798
0.010465450316117748
0.5327657877937665
0.18873885440971128
0.006781786853146801
0.437197506558201
0.21771697838589543
0.3782632526595
0.21450113581584437
0.03497819043847583
0.3647079662562449
0.031057472555058994
0.1950467430285412
0.03938206318624693
0.37302403176592525
0.41053212406559014
0.18512892376420234
0.5366179362840919
0.28088309234836184
0.24140519343636951
0.10058253851621747
0.7082275017820756
0.15608367979656323
0.3792208155056247
0.247006826914971
0.10016780218752075
0.4962407164410326
0.3410249352960688
0.14084979565907071
0.2220298367091409
0.14158381910930817
0.4011063084898361
0.08453244580007213
0.5593844676521371
0.03870719572093454
0.35800829369567105
0.1488818934627504
0.011419895021860915
0.41614874846048844
0.38700688623896035
0.06881683420034873
0.27951768398879406
0.46145185244247333
0.06906300186552672
0.020356960297226445
0.22193599951835652
0.1222954621533785
0.5406075075160099
0.5231883864842275
0.08225011737977383
0.23044116959882757
0.2960777530864933
0.32869771272102477
0.1736610370281142
0.6191110463084917
0.11890895411654158
0.513202612771601
0.17915432444724466
0.4521880077627273
0.3550898319617072
0.5175542575362566
0.042450907654701234
0.07152723984516829
0.41861153654082633
0.14085301151394458
0.2897105506657551
0.07118823936131587
0.5244451934682288
0.5578246655166891
0.30606811892684194
0.15197004119754903
0.9863245463757804
