0.7060309989198081
0.09267315274486698
0.4967653087685222
0.4408215480925358
0.41604055984604194
0.26102013168263927
0.22004984338927613
0.13530774734599582
0.15851785192326595
0.08659934634686728
0.5418895797576335
0.429243574723009
0.5916111443717891
0.2114368844465917
0.17615429193538293
0.09000498297791015
0.0028581863927761297
0.08539444606409563
0.842370440768824
0.06541196717089948
0.5345986113053696
0.000543535443709553
0.3668175263475375
0.30107527979963766
0.6641119893904803
0.12056825500042434
0.6400020361122762
0.3377523129585378
0.0749902897023953
0.7234069079405892
0.5135768398841839
0.01072483215417971
0.2060812183177739
0.021532690658125242
0.08229524564282253
0.6857443926110576
0.0870409926314315
0.15602760830595463
0.14117992885439423
0.15376588115933898
0.5902936370186946
0.1218984242724297
0.16147109350992306
0.06980914729568899
0.20384388367078232
0.03574829803199431
0.3289922630102811
0.2679286366853315
0.4575439841606854
0.20961382112508442
0.3395843398653684
0.8828281150150256
0.7503285999973387
0.07293908570807672
0.5717903974198104
0.009897905092654646
0.07668723291069157
0.5723466732987381
0.13131183829919402
0.3609769494869204
0.1089608262103845
0.06541999055961908
0.104590875137752
0.1196074779098591
0.5921334640757394
0.19913758861113529
0.6229525956853831
0.17697353187938325
0.03881484775320865
0.11988260271978013
0.15906270586702753
0.5652847318404925
0.07701234374158084
0.1386942707795118
0.6784291692949109
0.3574329226467887
0.06545062084273301
0.18659738109068255
0.09857989338837103
0.347859884720658
0.7859319528571631
0.0071123121766076824
0.21242964574376044
0.4306326685848523
0.09075657984779162
0.2890978658951496
0.01794252938755192
0.5114466549056256
0.798502027653062
0.01759806468641112
0.04056881357118258
0.004681663109566303
0.1932997280053963
0.3855960458519516
0.09633845741693148
0.42787409851938174
0.022710148404290198
0.08452885181854652
0.026502353979692028
0.09119939823966439
0.23682653250043062
0.010839272296661262
0.06437013191051144
0.2469853959012267
0.06905623968754115
0.4421196095039369
0.15068454529892183
0.39857612352352706
0.030423825052354303
0.4521778652486437
0.0013093763020406435
0.6200958041239655
0.3314921153744852
0.08603464422825846
0.0026867062042466028
0.21289160776430682
0.3539599570461349
0.041451246762449934
0.08953585466386627
0.03701596669686369
