0.5662501391598245
0.5107547888358586
0.045450496124045836
0.05304825885588649
0.5830859854790105
0.65811674947594
0.6940382627772423
0.8306877996465158
0.8136243864855657
0.25012488227701746
0.9033671421962244
0.10262379641139954
0.8087190116591729
0.3691875234893214
0.7448306265657783
0.09621144428591355
0.8776817592254577
0.9284775902760197
0.602704093349589
0.33631116386878485
0.6913333617405109
0.2031746639595881
0.7871015394547778
0.8973269434274987
0.9167486429648459
0.6161400149568648
0.312992869594781
0.45045130763248475
0.9622443549318027
0.23456321221779097
0.9308207486740726
0.7168777330060537
0.8567503356933945
0.5007462748888517
0.4305590550683911
0.15263250143781715
0.8047144356643376
0.2479202930645459
0.3577685442585629
0.1939261911639143
0.25562310438263075
0.9388335703303272
0.8728858986133168
0.5387533946691163
0.5198444343152051
0.6525083822250415
0.10484641307659251
0.5463851546486198
0.9833961014852926
0.49997756348187505
0.9773451133634738
0.09797873769587784
0.332750075648953
0.05336958774792877
0.21170057040472134
0.6568205666248554
0.9017165561743641
0.6590244618224528
0.6368353933478577
0.5190320133989099
0.9560704992248175
0.8619886062047843
0.7368764727008459
0.08514498063292986
0.7366795118211169
0.43566898391759407
0.5843491975264665
0.8897703168371198
0.5102904123342793
0.962396612767986
0.06295992328842628
0.4152881408353908
0.30124298009460054
0.49417721612101706
0.3191667914057889
0.09669726674852885
0.5609300287761583
0.2525993334984059
0.08031379390557182
0.6341035494255451
0.6635064161751452
0.22422907997969654
0.9472002361099494
0.690937495860272
0.9783430087561642
0.5037157200677227
0.30773263120767025
0.23633188489121326
0.25610593543965954
0.6200796623463123
0.014431530216322264
0.9281688253351013
0.2964269049502002
0.6918930009440045
0.5677426092064568
0.9392447102066054
0.9768420558026105
0.47595238194787326
0.0294671912278271
0.09191505547450403
0.6085854305677076
0.46406487733178836
0.4328167655800279
0.3433322264222377
0.0458367567632425
0.011221438843230791
0.02903210027832448
0.8288703063305765
0.7150396028859887
0.8486175894354382
0.1970232081800254
0.2717108798590404
0.9965950321907218
0.6364469640587586
0.5950378841874903
0.3600497043417308
0.3894159782320965
0.8394721530236713
0.7987824177541825
0.0591562181484655
