0.17241009844263466
0.6396161486910308
0.554881085750295
0.3039310002529016
0.692367535675892
0.64831568083547
0.3446304056872245
0.018071672248013648
0.5270664518558754
0.802313188198133
0.262869612074934
0.27835692776882603
0.8922992638810999
0.323336582041285
0.9666612945621519
0.26973895463768205
0.6175479885914488
0.5885890868965882
0.5377654820829851
0.38673275134176377
0.2176251880480864
0.09834452430694696
0.023658846221221008
0.8860218331076364
0.13889204783415932
0.3337205203219032
0.41628895278807465
0.9628541962709702
0.5694091060201799
0.6488869590529323
0.7777946856174954
0.05717053782900745
0.7201443888833887
0.3045299638088854
0.18245137715826942
0.7033474163454014
0.9170821532609653
0.45928110425841706
0.5609600299970431
0.966602549845681
0.5556230876388712
0.418952365281819
0.5475766989315424
0.878861763421744
0.18382897571866463
0.834662265561821
0.7779991012436749
0.08952588515978888
0.28170544158648564
0.6817408115360618
0.45626713928366724
0.347951335121376
0.5371673626861334
0.7470752881814824
0.7495696728589037
0.24499363672515018
0.8813289686832115
0.12120415619181911
0.3754339904323832
0.979573900500734
0.7357552188810987
0.8251466696146468
0.36091747973729943
0.8363446976174782
0.10871227746127343
0.3682346787104534
0.6675060760817388
0.8691315083387947
0.34745004876605345
0.823068468926714
0.8291002674798729
0.6367101499779482
0.4397041056159826
0.08982056093603785
0.636746350388244
0.794075007280735
0.21124960544776195
0.5056611908181825
0.9975585891026074
0.2864021564650311
0.4451301168445141
0.6952459273499476
0.5094133658712825
0.20717462927926855
0.6257032299779977
0.839555504215648
0.8193977927342246
0.5879269991902538
0.9770102673615488
0.9561561664261886
0.28756749826361344
0.9899038012123238
0.5680712588370069
0.3883330299611796
0.13932251607470247
0.7459049243934207
0.11922336957676172
0.5048644735201191
0.46155301143505084
0.7700803545212496
0.16369372803194593
0.03863092018037674
0.24191876679246804
0.5859401094724357
0.6894111518030017
0.4358573117090476
0.13033739830373192
0.6373266073249049
0.34895011199804493
0.6200615481256568
0.33528326632187416
0.4773723414255997
0.4508410050466199
0.8457521467662761
0.8279840974288488
0.38775926163877283
0.9399375457940881
0.6240976102921594
0.8021145524049375
0.4439431820771438
