0.044919820832146184
0.01601796011544665
0.03360995357280139
0.1942755654577788
0.947348653820703
0.5309193111492995
0.20098762974599071
0.14355222761445408
0.6483152235226192
0.01979485444470419
0.5931949508334513
0.03619198556112413
0.009525155240886596
0.21517468689555996
0.148871196880209
0.42495231468476913
0.0012936147521882546
0.13454211091143575
0.302989228415921
0.0036836626869662936
0.07279540427478803
0.038860967328694374
0.08138158525785744
0.534468298145947
0.024366941425588706
1.1367089536307162e-07
0.012472977488614978
0.02375811238911396
0.47477978064928483
0.018809709005819686
0.017112587743922436
0.40520559488087504
0.17865330853023464
0.17019725105305628
0.1814628213551448
0.03312594930262325
0.028732381071365776
0.006134793556048734
0.0427509143788094
0.02581437303694445
0.06775211926341851
0.17957708637771752
0.16998555689791206
0.005351092463347529
0.34176481999291
7.022173356241446e-05
0.04576070154615541
0.17227425848218703
0.000113166871150705
0.11101103219786612
0.1328375550484575
0.03259428405832354
0.15090852780928699
0.29801183538060294
0.014412352989610966
0.0004631990720678214
0.012402350436558018
0.05039810313222404
0.572496710104043
0.0005783524317823918
0.5176571392368403
0.4326344642512723
0.015775433516985515
0.04981602276973662
0.014633239513806018
0.014511187504548939
0.6348419755834107
0.0013768902716653209
0.12676018113204224
0.011533227782993372
0.5021042493454706
0.00033544577550159715
0.035068826695636046
0.3902143961555695
0.010637178847924922
5.812612253297544e-06
0.013735195897310648
0.008557437145351843
0.03049809250635782
0.051307660929509336
0.1143003688153037
0.071354149458555
0.0043350782574616
0.6112212678286484
0.246914429396756
0.38371137306598824
0.0036532672997069415
0.20454878013037692
0.038852338991451685
0.0011436335091890015
0.03615732499586821
0.1673669708354879
0.0877780858553181
0.0007539135027891941
0.04090531859206692
0.47278633476740595
0.04016514156762141
0.2908791433654305
0.03338417093899282
0.030371382050688567
0.2613361754044199
0.04849965583393434
0.4040560307980674
0.14422142258767034
0.0002790923999183015
0.2098172572607584
0.5680592253832855
0.09580409151793834
0.2673953730534113
0.016665286230745924
0.2984758923287363
0.1279152211861141
0.023452453750653746
0.08498911613239013
0.01732337445858878
0.005911700573839829
0.26927788070198466
0.056527489063769476
0.46340306893885996
0.05548173224832631
