0.0001454737839505782
0.9562634443779557
0.978472435463242
0.9798129674430933
0.0005205800323673238
0.6816782728825815
0.054790632403850514
0.5634889126841407
5.5904616526492035e-05
0.06019791271071473
0.013197841520031117
0.9451098794464323
0.6505179963364605
0.06065627378668004
0.4912744902371715
0.04640965455916701
0.05220206093802959
0.9269658304294518
0.998416662046665
0.0005015618601917904
0.5960624622351516
0.2257881204650647
0.42578038856872036
0.10279239123155315
0.6714971048681009
0.2456271214220967
0.3296233683402727
0.05542260298921731
0.42567630471601814
0.029881390437659805
0.073180838822991
0.0961158572494214
0.29262764029148314
0.4775216636540024
0.0144193143122191
0.08323831913772639
0.15485694665148175
0.05238862387644905
0.000917214973401137
0.031056935933984287
0.06915922770198324
0.7505529658056946
0.00828580658227085
0.9056367846198843
0.4263230987775892
0.8629147139370641
0.7341257359045268
0.16270225343137645
0.6467190671738262
0.13419652295395604
0.033736065857590036
0.02969041460102506
6.559033611286402e-05
0.7004554654246908
0.0023286425339525962
0.6183511169746256
0.03141212411692407
0.011993623004144416
0.8243273276102236
0.0004125642562013976
0.26941472330210736
0.752817137188116
0.8316672860460197
0.764049521317484
0.6934755347235917
0.05550587585610289
0.07221807197091401
0.7471814359993565
0.33546351184875434
0.5966122931349183
0.393863274716894
0.9436977566511793
0.0005252707947289714
0.016637840294470796
0.1705937005830973
0.03409214362253499
0.030865630160121338
0.05106269251962847
0.02840655569887396
0.05693939937447759
0.0197402192729228
0.4695212853522559
0.003379064826420697
0.16395137981706928
0.2384615987662093
0.20060495694144742
0.2521757708561072
0.12059022284750087
0.04906129946939819
0.20048398580369153
0.09805829222362639
0.9644603414402839
0.8168900968605599
0.8443818501385556
0.003971498514826699
0.04384893915072041
0.46661277122535516
0.848833893764345
0.008856535279478939
0.49161900788421936
0.000856749212616359
0.9619732564519654
0.00047771353716519194
0.029516555375445064
0.00016387892895219913
0.00011997799800878006
0.6557831974834559
0.6175432419779292
0.5830859001185156
0.11835791710117571
0.5230828476048157
0.6825561552443733
0.000588118079079436
0.120901484204192
0.019550658055247583
0.004660665135727049
0.5602366926094537
0.5706129771188189
0.019738690919029578
0.05306343691482989
