0.005773396423059801
0.09828581005097181
0.35161573910910815
0.7941990563178141
0.530617857754775
0.2969543254824596
0.5694324666483992
0.2903180583309726
0.5575795888923196
0.02380487424257019
0.1268276570250697
0.5095828493211647
0.2494304478127196
0.3651511989285727
0.05609326676327009
0.431009697667357
0.22752687308357222
0.6281511514649871
0.8113770725811176
0.4813980629110471
0.7033403364451312
0.1881010609264524
0.36391188848404893
0.15432598627058863
0.21825460538067046
0.2499797594146567
0.0297579177022953
0.36299730489461346
0.00989643555288966
0.512661318453888
0.13976251380508561
0.2619974217535856
0.1143527158714508
0.10800537133592458
0.36214769138973657
0.35911058941829466
0.0820636893850352
0.5016342019684009
0.2641877865511572
0.16527685873832376
0.03173438594698415
0.1284692454007712
0.4447771767326528
0.8165564140579511
0.0303254158182733
0.7912305872820227
0.11630539615501045
0.315384012749822
0.3028925625602654
0.06357482699820147
0.4367324904440957
0.4768206340335932
0.6851117271414788
0.19841846438205923
0.172048066223637
0.5434361172693545
0.1529788682466615
0.35835873136622043
0.04194082590945931
0.2707931494623351
0.7244814356728023
0.7157797093578716
0.634072841467342
0.14498972601465512
0.5655440094234971
0.14841672397397043
0.21274849585284827
0.5277055176117862
0.5077083249590748
0.4602428162576082
0.21520276048965337
0.5289664678580794
0.31245668203890253
0.0217963294756767
0.21526754233288203
0.7139362996981473
0.37492214209506713
0.4610498256200106
0.13758724298175729
0.09205988618833194
0.096899257205316
0.0018613426922005072
0.6435839438086972
0.5180866702734053
0.5831215528509159
0.7150582059676648
0.07721505444200738
0.08437410577461203
0.3108846760416184
0.279654850104766
0.38951699727560474
0.13484034222286412
0.024405879046569285
0.5852498884382857
0.43929102887796945
0.2778594861801966
0.24585381380961957
0.004911977691981536
0.0690676885353001
0.16122089574430562
0.0402051946948756
0.6205201453007978
0.029203504089300423
0.710675231449707
0.09002752184428596
0.5268065458359099
0.10865080287269581
0.16713372034876434
0.40493726248210327
0.09519033820599199
0.07656458638934005
0.6356691031885864
0.05783488858410576
0.5285212314350123
0.17067164747376046
0.274306385021971
0.21139616444732656
0.48365742324197036
0.4701131206551794
0.5477928463633983
