0.3487888748720375
0.6877300485796152
0.7403401851752978
0.029412306846925418
0.501518099870762
0.7438372161330298
0.67353809595905
0.324578840692489
0.010708319534548094
0.416452602225613
0.531366543813048
0.4185519458402964
0.7985008298163454
0.5499428236929232
0.8729014362859786
0.8748100017234429
0.8512683433947833
0.8123822647169814
0.5216833347512433
0.583233350471178
0.6829629129288808
0.4495757401032845
0.7874591854800581
0.5166772473332422
0.13250879889907619
0.5446122513279007
0.8731855938914983
0.38312726134085273
0.41866656267108215
0.644793051342983
0.9881432036807865
0.9082156423897307
0.4267744648466918
0.2538679516631841
0.21853619773194932
0.8532889749200527
0.902733951920179
0.5386710833111539
0.1040475671976355
0.20638163123046382
0.8069598608132638
0.4765876560814823
0.7955518575316343
0.0015740953513798672
0.22649832055179253
0.6870603674399369
0.19098026028831794
0.20992174301943545
0.7631045098372534
0.2183167522886273
0.6182810397791887
0.9954202996910753
0.40438297645020027
0.8012036592434878
0.3396889889321062
0.673125886956754
0.7240389238683471
0.6093758650376031
0.4944529157614834
0.7182348855877929
0.6572770640605506
0.5758757713261742
0.5672057811103077
0.4033226196967874
0.4161800997115057
0.7954474595849876
0.35251560862027786
0.5770365719497039
0.5531839594280252
0.9985673990969514
0.292939390435401
0.8042430475775169
0.5663087241970237
0.8273216691120684
0.8857086533736858
0.11418858772207785
0.4139731181771922
0.7272227993958642
0.9073228538106719
0.4200184906722877
0.7157726004636743
0.9240684644339436
0.9484657056809004
0.7820250929347341
0.3170013968661839
0.9078302381259818
0.8533356589169521
0.6758775575061715
0.24367221106134673
0.8538342770416083
0.86712957635832
0.2563884025030052
0.8147691274567557
0.6760686947553893
0.1462319392936516
0.8332176294135734
0.38229441770259753
0.6378525054942885
0.5280889266863575
0.878041624205264
0.8711243400194129
0.007565853457593705
0.6318929577388694
0.20188647317658245
0.7111001344670851
0.8254117283767444
0.40400374316938736
0.7777495380662067
0.08220294002881655
0.17067431618556977
0.39188094124088524
0.04204514432524076
0.004608214043880787
0.9168040439965435
0.9319401537680473
0.15903462300056742
0.22724308838774723
0.4952904256416808
0.9997166990881903
0.15161258136916378
