0.6024359684690325
0.05152867290313151
0.6124155562188714
0.8262424277886524
0.3621702902383275
0.6419405592941492
0.5960319322994618
0.8530680454619616
0.3602782672278353
0.04490054119703779
0.28651836348208515
0.5374821608561677
0.7975438488004458
0.532559682540001
0.8920130213768793
0.8548463579018803
0.2333802412237842
0.4387688754965619
0.6810446383270794
0.32722028567813477
0.7248370351821276
0.9519360925901947
0.1905461238803252
0.24621752538740532
0.6059800829431127
0.21358061357742944
0.5073106316810212
0.7229039134295197
0.8199466915397018
0.7988684974288776
0.9560840471928749
0.6656180502495315
0.36528540915047125
0.3032446662104383
0.5711507996216458
0.15189156710215337
0.8210435337867543
0.6631171815081152
0.5156988896171626
0.45076490881281917
0.600879480958898
0.8734295814194981
0.4463165081151963
0.6465978397867824
0.8610551796560828
0.5690790569130496
0.3923282047737996
0.9900452178773909
0.5857064718049136
0.8175942842447306
0.9610162599383287
0.3670849023754055
0.8834527086657976
0.32950954361724416
0.0960642412098327
0.9325301926117471
0.4162900660308615
0.4283922212284199
0.5489308746883932
0.06710668053116953
0.6322925430986018
0.6783751838453587
0.5918443406809033
0.19049566385715783
0.8220043493029539
0.08219518462769593
0.3259812822532128
0.38062088503156866
0.6753908677992864
0.692252240143373
0.04840100329797559
0.585086616389924
0.8322796599435905
0.3428619854485253
0.7150992510815373
0.12684306007453694
0.10780396784091972
0.8255771067337667
0.7202416980056366
0.22162796802902357
0.4107453937118295
0.9487362533349195
0.7329045482471369
0.20427708091908378
0.6922623280395904
0.14183169000939655
0.5956998345469087
0.9807359807326486
0.26449633703979103
0.9973833446751901
0.3015370042323795
0.5496765995837003
0.35059981684948843
0.9438671663467897
0.4188300256283206
0.777468472574036
0.21927328095616763
0.40706230503164864
0.9349819365284864
0.5945736991160583
0.15363359212167005
0.7520039049459836
0.46642324741608987
0.5955453589505408
0.3607980380840514
0.9594482998682362
0.7961298856035238
0.5607913318965725
0.3789901455240718
0.4273069718535619
0.7205864678440516
0.6690164569801029
0.7875093607893615
0.27769439903416715
0.07324987814651274
0.6792940088041328
0.9734822400665375
0.5771390169497251
0.6097223242914089
0.19503861357619534
