0.6114168612689832
0.8503441335318795
0.7176658426760354
0.06785454308951455
0.761145681845186
0.765426862658122
0.9814066266545767
0.38608242808834414
0.22799452602854955
0.36530129786183485
0.8762777082423043
0.2276237744255098
0.8686568841277696
0.6832833988280542
0.25159169453537333
0.3372507255499744
0.1686469759902961
0.32937096269279054
0.3177359156791451
0.6659887054374407
0.4157698546787332
0.6639246724847805
0.7562366949993118
0.5132915786669896
0.2178118380209291
0.995649405257796
0.11096323623989957
0.26528461332388453
0.6937224700165179
0.9142628753485247
0.306259220508349
0.87980677118594
0.44469584910236315
0.648847626998444
0.32763179216606453
0.9067391310013221
0.6769092630611586
0.36944862879598084
0.7539096569484457
0.04052303101734056
0.4999495015351112
0.3025383398045896
0.6815314246547071
0.4660295060770421
0.25187564389710115
0.7396697538995697
0.7896004707175102
0.40363941980094215
0.9602845003955078
0.663199389738607
0.6427206759849254
0.9581153420845977
0.9893180155040995
0.7473212036753797
0.3493549439135397
0.9927752981782874
0.6553160581600624
0.7760860288533354
0.19789202864518818
0.736998600901773
0.6553106058511178
0.03161381082422343
0.0029476477299511194
0.6174764024336032
0.7069239989977816
0.06284447953187221
0.3204298604589144
0.5544611378234263
0.7865886394429836
0.9147426164922499
0.5265140914346156
0.1627368121963546
0.9529360852015579
0.5023771666930252
0.4005117100232518
0.7708382588341749
0.988133938736692
0.7786848723846693
0.2568238526255875
0.17619693180051788
0.29911054325577724
0.28993980725459023
0.04191739385139048
0.3553160524121719
0.22506327532447412
0.6799374612121607
0.06224204264601885
0.3275773134971014
0.18800587772559418
0.9094607309828564
0.882686546708624
0.0178433190220455
0.7243432437814108
0.8738853923884122
0.1589739913075472
0.14555407215123667
0.6121196899735282
0.1812159580323962
0.3695715780503728
0.3860174077832388
0.9446136052846137
0.9838172388094826
0.3528729531522027
0.19885412054106152
0.6183212868482552
0.2899868750357702
0.3797197012008131
0.3653629880795688
0.5049511674317266
0.7772949712742909
0.08670941277172006
0.6822893842439737
0.34842980016421565
0.46402868983236334
0.44258356423991607
0.05075593089003467
0.49503804333937973
0.312698091633306
0.18208239125263947
0.8638525217310746
