0.2580423502814999
0.10926218046055758
0.28311815856681255
0.37585812189106194
0.0730656926537614
0.13212290124068127
0.0017995025268067177
0.482210304426937
0.025763398531154724
0.0005072798540293189
0.8838938144860309
0.09920546054427248
0.30093216650473287
0.10436039522576346
0.5347143422237275
0.386715149348994
0.007465205708960365
0.4712644711873617
0.72423164885592
0.8687310710139514
0.25851138509890625
0.18071295610812022
0.7667941321395005
0.09044952877796231
0.1415985763705201
0.481252011868776
0.02404451224523596
0.01879542759766073
0.5027416756868102
0.04470813137330376
0.3141717221395186
0.803008367755403
0.6266347166135167
0.42067348971957647
0.16879268802737135
0.7714279598906035
0.0015370285638105496
0.27476816285532846
0.17929331818758443
0.013094888398568427
0.13304069754767078
0.1600706000623493
0.02125101686802977
0.39384229292920536
0.11807790186178435
0.13402335679146254
0.03763120186867974
0.25805403452405495
0.3351022480284873
0.06903596692747471
0.2279642966173545
0.3601089741085038
0.043460495298077495
0.542208546486155
0.06381056192416312
0.5404132953973322
0.15623792518704072
0.6089649145961096
0.7830800379960934
0.04303936389895524
0.4800423712878623
0.40266038270358906
0.003311911379612509
0.19128567426760412
0.4478535447111826
0.546329785001815
0.1839629868111119
0.42561095027619955
0.01203585061119683
0.36359970649118384
0.25715704324782807
0.18046365223670624
0.9263224550960565
0.08759242137846446
0.145729510274357
0.38272096895993557
0.5492317567997902
0.48228513668188494
0.06337594484980857
0.23777432313469027
0.3939086458049288
0.5313084581178857
0.03865557285797272
0.455565723789455
0.4718104022828096
0.9481097499835855
0.814177863528923
0.19351903907677293
0.029476817470779793
0.16350171177036654
0.027838416139490674
0.009020087942515742
0.026296062656016916
0.34543185766684026
0.4970328899044585
0.9908829986551786
0.6287721140930638
0.25513628529849663
0.5593497206964577
0.07976506491021174
0.11259030451153484
0.032104917684051326
0.008228095094627852
0.6329649327630495
0.4068030395561224
0.08415583788178882
0.11618098577017122
0.0026109269884189157
0.2111711420591642
0.17750028577556565
0.9449231475737672
0.7150716100382226
0.0009214213191008902
0.49941242169363953
0.09563556445968846
0.2085668674271961
0.4354819867897952
0.5874053260000176
0.2209945798667432
0.000136489837628595
