0.2874871660329319
0.4921995577118202
0.5690849490430686
0.12879589710874706
0.7975312753434247
0.10292542066690656
0.9828908177135043
0.01043665354633968
0.40658057767855116
0.0962019309291402
0.9290227599002455
0.7915265420299464
0.5516324648995699
0.3831372360797194
0.9747813202598454
0.7546592154938807
0.31360533777482713
0.49857526744912306
0.41534463485629497
0.3301014249939862
0.8888246390190121
0.3013593462962091
0.34352653148887585
0.25553901317465616
0.539671628155298
0.26228569499814913
0.5599874525266428
0.6810844902334988
0.03164343167255024
0.1594255923456423
0.5271363701296972
0.009244625243323812
0.43039793147426897
0.04787953711072171
0.36174751811722383
0.6773078609991632
0.6903815426454074
0.9365165400424552
0.38867526089464843
0.6272271696221112
0.9463358409236386
0.8565340276242754
0.4664459269952311
0.6385337276126958
0.23717340438596768
0.06558802134443598
0.6048127727836397
0.38041058468101685
0.425439689430476
0.055306047737943675
0.48204965304984526
0.00517362860611861
0.41996794571030377
0.5263814015994661
0.45873478805593093
0.34749734403390803
0.5140592579618959
0.33565241778938354
0.2171482986172663
0.39555477897429103
0.22770725673429526
0.8549772341271695
0.5514928527163088
0.8518833735383933
0.9196476282322696
0.8995041383810602
0.6057302296045759
0.9037827864915005
0.20239247372428065
0.3200392175785847
0.4114048801089545
0.5228050930551218
0.8442269449565794
0.9137289003120992
0.39002492978798636
0.2277188470082262
0.14305977698859318
0.914751428197754
0.6647182215370987
0.5268862053355683
0.30856226534237935
0.7564537897633454
0.23780915358535704
0.40896411249344944
0.27313684235186253
0.850116913711862
0.897982212733872
0.02556990680681317
0.22049261558787295
0.42353863273048287
0.5527535661935955
0.8789900218750877
0.7801363570422639
0.640794702046848
0.5979758679147767
0.4097139594223968
0.3824776522624702
0.9397111283399315
0.6111371311486187
0.20071381523824958
0.13878100006889071
0.5128238016704973
0.6311465441288548
0.0028886382314974313
0.20673912042531328
0.63858616101591
0.39518887772084166
0.379312631896606
0.2745478092527587
0.9087122190561201
0.15244711436587632
0.7336786544506485
0.15647900090028077
0.8782193003660931
0.027713628602797247
0.8950818295504499
0.7759006591125228
0.6640180608210227
0.009584446950034575
0.17365840768052718
