0.2888732472765134
0.07854314944022667
0.02925755478284331
0.003617617896101155
0.10345055057042188
0.05157626355040179
0.35965738441851225
0.20175964941369728
0.09243941793767996
0.5508741722037926
0.04382893075325156
0.5958764450916465
0.24105988918699328
0.025529505576972422
0.04144142353501972
0.032846457354092085
0.3943708372086985
0.5330651603113926
0.4910844182065568
0.09276788858902418
0.5576599019037946
0.4614651339347793
0.00624311638082764
0.42380643657846817
0.15159286093874558
0.34437227427062744
0.03735873533848544
0.6142902828262586
0.7779196485388147
0.8845427772896408
0.11893274670148712
0.2659111712586144
0.11145073130406336
0.09789924107792469
0.13304669588475315
0.15720419844317468
0.035650175966196684
0.6021796251463346
0.264234614980787
0.47628768690177625
0.09214094014141305
0.0631244248023708
0.11977087172542333
0.14572686847189087
0.0003787617136405963
0.0026612149877758284
0.0002742666484072398
0.013454550390257891
0.08246514977637798
0.6572753158681945
0.09425647161848416
0.4821168774765092
0.22128131852897037
0.04783806855174455
0.40485911602428915
0.6453928233738211
0.6194986471219994
0.007255935223564602
0.4319964150337927
0.23577550349972198
0.35879131559016897
0.34984870008155444
0.005514158637515143
0.00041499208488327
0.37859466913019274
0.37468487261539885
0.4970395332881181
0.07934047641094688
0.5472334087219379
0.35110953553056246
0.0003256944452154631
0.0391979154730937
0.2957615995088758
0.013549978283538433
0.14662178205526466
0.504995367050066
0.001076372339002818
0.5526867769121115
0.6577655442808499
0.21288111248504293
0.1394880002335197
0.6245330804555018
0.30620379739098236
0.14588471840296655
0.3732704698941569
0.19873172270440698
0.23193767226626272
0.17662380476520334
0.36946360342934703
0.04611360747447635
0.08982791862980566
0.055113072056990564
0.2227362772682846
0.45992192508348495
0.38716590017647134
0.01302170656912005
0.2444031373412623
0.24387959029535433
0.36308172596849175
0.48584773419558147
0.008154656546551786
0.1455420640525229
0.5139389897862232
0.08710226223485495
0.008924410682614292
0.615044003203983
0.08829457631605618
0.20976560975393552
0.2509485627713741
0.2807698731432213
0.17012842781727033
0.5774791093641056
0.1937532713904866
0.49142718938790075
0.05191852201318303
0.5877292049679267
0.5129369257574684
0.18894162335711107
0.2335179770151938
