0.191998248732846
0.10170433856590097
0.2301939613355457
0.09655216957384172
0.07119298164765286
0.7259852425436395
0.7157659977884021
0.6551285398636937
0.41487909644108156
0.052681184416204285
0.4835986189060663
0.31821209859523053
0.45947596983384786
0.01639662693672982
0.6296075257391096
0.10609279300258771
0.02655186143543098
0.40660986222864093
0.1483670754571289
0.679434522196332
0.13713062831326536
0.037107109971747265
0.7015712359394713
0.448780222933365
0.2347467229064315
0.11783036254402858
0.6711621039655464
0.06442753077613705
0.008549209492680454
0.24862015498270904
0.30335226137569316
0.4857478564593973
0.0004071173847978023
0.6358532262155858
0.40949797224068063
0.1289480287190954
0.1386578575491193
0.37910337200899025
0.5940981846900508
0.4842706339139182
0.38270454685852473
0.05135440257601131
0.27382970120033634
0.4565330589667105
0.5239658273585904
0.2853260845717669
0.18896850892216285
0.29536854592626716
0.7463577199923593
0.30156929582753633
0.2520373298176201
0.4185070016486749
0.4254801467098104
0.06433928268917212
0.42901320187855063
0.5561808429224486
0.07404109823407978
0.18467170489972817
0.3903523782830116
0.27220226589134944
0.600274884957199
0.17249682785122053
0.06227147751013315
0.13068093411938997
0.14344128519319005
0.06819021956377802
0.6686226401756926
0.5373915771568982
0.6757042050222557
0.6779876926532198
0.571505447504777
0.3241210540273476
0.2766273745408964
0.2042901469168612
0.12105584767136834
0.6229002816762463
0.22627986525893085
0.6302230282877583
0.03828298061484253
0.4635623408807974
0.03869129009622785
0.4706699785655427
0.11590241115609179
0.6652254706980594
0.5223068082425569
0.05722500167744963
0.13900142310521435
0.10860087483722736
0.07154669634356214
0.026936541922763624
0.5879258715528103
0.05274041114368305
0.5118297823915428
0.1817738117687131
0.06129050182202316
0.012072747646203433
0.25980261399682836
0.6931330122978272
0.3109933172662047
0.4679570036950175
0.6341651438633159
0.6776366239086798
0.13574473779518587
0.305453764294803
0.3749081907416041
0.13399744905702216
0.46222539831346987
0.0315867559194575
0.6501364743984759
0.756280038594864
0.06508517761944568
0.48232610925474373
0.3597323497513577
0.5948923605073022
0.257969553159185
0.4717164966571315
0.39797438955927417
0.08150014243231651
0.2970777925181711
0.057668855471770995
