0.10615349550766151
0.9832109907997052
0.5328684944303481
0.26761166234956946
0.055560277303183137
0.08741535179283066
0.8522526976168865
0.07089557715111537
0.9095638058908931
0.40183253369815186
0.92058705976686
0.4396134593386171
0.30313983744875417
0.7133135403833892
0.4556243804936546
0.6471170742777447
0.16936963159521412
0.1536843373667971
0.08190212126508244
0.45687482264612145
0.44431023302199946
0.943167395342289
0.6386945161545772
0.38037817782543826
0.8498914562415527
0.1289236528096389
0.3169045469764382
0.9404243719458527
0.46780251670394457
0.5517954811355952
0.3547631869293937
0.182089314474829
0.003647446710838498
0.4602590338917451
0.051369204047761234
0.8008954941610089
0.6205904441063191
0.05924316173046882
0.01643589560976766
0.15235633257510184
0.28323763538962027
0.7754108941264266
0.6383139071092632
0.6025125601531319
0.5803866686098422
0.028653446088194645
0.26322837668247634
0.9181088657867058
0.8350809983471603
0.7235216589199626
0.6547968799272181
0.15860310454688692
0.43091272862572755
0.48632020832001976
0.005477545587810589
0.7578334121075941
0.15138969721748044
0.6235423573451502
0.3226177363991427
0.757967418837588
0.02897083106463616
0.5610384175463968
0.7683811114457502
0.08034235020262741
0.9283387354613726
0.5841288991516387
0.5609065465341134
0.2691296773213484
0.12091589459196994
0.3631455869732356
0.007610970372939896
0.029405820200601784
0.38361799188120305
0.8316370672466495
0.5752054142014245
0.24022906708773473
0.8970624358958426
0.7066448533343888
0.06648307655824559
0.34458835697196105
0.44430814400379615
0.7911969966473174
0.20783133185478087
0.7705398189793149
0.2484462585900129
0.08122325432511768
0.5433734909357061
0.9853858040840194
0.531849262560416
0.28476590196990004
0.22067611037848864
0.392982685024071
0.5147599798477971
0.5814213390290109
0.28363100212999304
0.8805168847968023
0.6214768620649778
0.5085213418907892
0.43753228305002523
0.6787364507077643
0.15346415306687522
0.2861429732384364
0.8795329209661131
0.5028811298679642
0.9719386427548087
0.5787321659008374
0.09333222262872298
0.6877071574101195
0.9642484621141825
0.7409991419540156
0.853815555178638
0.29559307657972744
0.5228489457784502
0.35506290552918207
0.8325615060291132
0.6427164677362653
0.032113269590895
0.6907741517148817
0.47587234551240953
