0.29196636455614366
0.0002752795198270874
0.161359358183512
0.6108159637706856
0.13497253909725737
0.16622451329607113
0.06850222171867859
0.39904233422714097
0.13823010092812194
0.279204478917845
0.2602788845791022
0.11031186598831333
0.4694967926492426
0.05069424838921277
0.3136294118758015
0.419801884758213
0.2606208261275931
0.570211033369612
0.45354862892917946
0.14039080730093634
0.15542100029226624
0.3819302754605396
0.5877238249732626
0.008704564842836104
0.47551644785289016
0.001926963821821115
0.0014348414430911394
0.2693266618903347
0.07076057923038204
0.0007073080335207038
0.6345203509089616
0.030984123361158966
0.11958840360049572
0.24771609728116584
0.03592369029140374
0.12265637060492951
0.3764753508945595
0.4300243747313157
0.39138286877593353
0.21389995778281934
0.00018717620594310702
0.24276206216716711
0.001966028899348826
0.14473768060318637
0.12273373191433912
0.01317303250913393
0.03737896607189106
0.09656453958136146
0.25787286098771545
0.07397214929696139
0.17111976389990802
0.32244461948504766
0.21616573353231727
0.08664289496606825
0.04012440124393302
0.07564217460101519
0.028859837527005716
0.5032408330888776
0.19148631654937276
0.003350992950988285
0.35188616354508206
2.398212654020071e-06
0.16599964858751703
0.6138260766308093
0.226874080566422
0.14342313176837673
0.07304634904101137
0.08739475066256874
0.92437061587088
0.02753504824167452
0.07059934763714448
0.3724802376219887
0.16031012909845788
0.011116749337785059
0.1261401410368479
0.03635848894922744
0.25490094622476356
0.00039316452775839394
0.13460603661083703
0.11939729854203662
0.11967565664672208
0.1439861817687329
0.07409872147919194
0.09606030082668782
0.17078424877562415
0.006502512591086251
0.008707041246602376
0.07430437707804538
0.2467372470778073
0.35990264647347936
0.09867875476294063
0.1537026224374565
0.0013868511737293865
0.0045393512232880795
0.3536311877394136
0.6353722747602777
0.2223521215550317
0.07929622108928314
0.46963902622846665
0.00014157716577778423
0.24923298800585478
0.08526549234046388
0.5602225315298779
0.0028629514713089943
0.2888907043826965
0.029870462120473285
0.23789992588422715
0.4157552387466341
0.0004579667373822982
0.017744317599434734
0.009929395768921712
0.12671238983448707
0.34996713303567795
0.18363911890908802
0.19515587232069787
0.04591148137354484
2.7102086553654203e-05
0.6500421067086979
0.09419738839830258
0.051897403274558496
