0.6301573787864829
0.4716852148457426
0.30305024463750657
0.05428228562747517
0.015105285176660654
0.18232602437880363
0.4913396508958132
0.4442812061892489
0.5380354541280089
0.3335210743449857
0.08950099225101993
0.036285256306898495
0.00015397676210504585
0.5163156626307177
0.4428590927277225
0.36628921302960826
0.291360426337919
0.12097350238307425
0.19668681659328757
0.5013887544132798
0.6151199958784859
0.5518133334464701
0.49257587997595453
0.028824336077966084
0.13531135133357086
0.28688185812228795
0.2103127407620946
0.38816644116060517
0.4315089787295543
0.13259803713704188
0.5549948033586967
0.16867292062932204
0.5164105832723199
0.49438781081604355
0.1723127560368114
0.1322393211515993
0.15019313211660146
0.6097217892386207
0.8673649462193604
0.583542686637506
0.068524035917783
0.5689688163950254
0.11805007491403158
0.34152180598048343
0.6353614339926023
0.27234625248831135
0.21516946591187813
0.019465945626167214
0.16527332161388464
0.06834531567585644
0.320857852754697
0.8302159993652388
0.054361800545359905
0.15387747197510296
0.49190685695617686
0.0337831387098213
0.19987208087720187
0.44356402645894066
0.3888882411751179
0.23024063998597888
0.08841709475237902
0.4747862562887657
0.17113661617376125
0.18294886027223245
0.48153164438462825
0.33194001656258276
0.2682875980069188
0.1428396427635182
0.2193773264377044
0.1465952830278503
0.2233037995831193
0.4225944454625792
0.4998711344386202
0.41448907087105247
0.03918579915567366
0.5421605433711725
0.226158918037489
0.5499893325969951
0.45359553075950776
0.35295884764926716
0.3489730274869451
0.33400080521032854
0.36420238589803855
0.3876338711495176
0.14678820329383346
0.2306387704697943
0.42403590578778716
0.16605291717048323
0.015989845842635145
0.5242968925635838
0.07638634724906312
0.5813935637809041
0.025569744216345947
0.48513934789072827
0.27787557620295633
0.5496423475084428
0.3343439912797048
0.059928809521409665
0.12125615020798053
0.107946156864295
0.2583089201109967
0.2995538226350112
0.13763312679851256
0.7203678587375318
0.04933619614034024
0.6517254289757959
0.6743067091235248
0.062391241836945666
0.259067542896793
0.2710624777308366
0.09667798532104867
0.43631776240468045
0.20798966575767355
0.04532834695094412
0.4914241901022294
0.16202726939048984
0.8929413944860134
0.23631208668272474
0.5163249805158847
0.42014426440676117
