0.4992069556360157
0.5618863258165028
0.34651216754222874
0.263657197591352
0.25188488353538885
0.33883584790274957
0.6893627408830646
0.39204980442086884
0.03507165597114668
0.025178703500137664
0.44905562536492805
0.4434832346967532
0.4766135052212699
0.5964654408091195
0.745815239259024
0.15250694630742093
0.03805962913103578
0.0176698160034165
0.04321510612372007
0.27107535866096
0.17857435586729142
0.02323711875325496
0.3463447587718571
0.43315985464283474
0.21382933066463292
0.5851332495993637
0.12057502849014679
0.25037060581858434
0.6050755638779876
0.009701823147183207
0.6478272463370505
0.21830850770307886
0.42039254957296396
0.6049685850760465
0.14959199961836125
0.5326081712791737
0.12294330654803848
0.681817363582977
0.06039077400530646
0.33270600410032025
0.4796952973492611
0.28004790269489266
0.42349148598012953
0.5961483324279975
0.2060454274085639
0.31531111664057043
0.13317406495523837
0.28126940443538473
0.2931540274701141
0.42021238056722443
0.4747292530435265
0.06250873691371983
0.010534700801745567
0.44107820791281876
0.42322959496633267
0.44988779047038524
0.019917622547756864
0.2911353165968942
0.34937077454699106
0.3918690320643819
0.2592246989137641
0.21464255143709013
0.004449467578794685
0.5932429792845542
0.016349082349429223
0.5813499598068984
0.4812812184292459
0.11123326516257381
0.8437073396952927
0.13789816609092717
0.11712527273094428
0.553097517340097
0.3778890955410357
0.702660707486673
0.6663044730161392
0.6552723630917282
0.6288085636003342
0.8929865698322071
0.641326258959605
0.4940726584536317
0.4461808825233
0.6774561259057448
0.49763879514538994
0.48693733064964007
0.22869085902823882
0.03202183477786392
0.4726496216848419
0.511250360658563
0.38734499322703964
0.6614085440979351
0.4884667413690078
0.1294821030128694
0.7032596486907864
0.08357503645917443
0.208609086743188
0.544582635749032
0.3258915578407233
0.001982422246298285
0.4190736156330844
0.2995518058684141
0.4385248570744477
0.7152860490596583
0.2158293655557114
0.5441122562704398
0.2934875254823268
0.16693936124892073
0.4802276760583035
0.20217483895491326
0.006976934503962529
0.487316374579651
0.35555322919519766
0.8713812284795264
0.08549004273479022
0.7296153336333288
0.3693271717514446
0.540631964798188
0.6281211960149673
0.09413321425617238
0.4117650105134918
0.4247816619135272
