0.6534150608076644
0.8927109673506908
0.46590324022842466
0.4295961942956179
0.2558853217995676
0.17102026260899783
0.24211939282699801
0.2238552994005698
0.7649263130277407
0.8821424331928338
0.04249836502555031
0.09238005055493326
0.5050768992060592
0.22217313462115987
0.6107545959292815
0.6260607988444891
0.08429452532791104
0.9164775613956252
0.8907298262505384
0.43767211915655
0.13759049681914548
0.29440091561006443
0.5338694673918649
0.15856215862794754
0.8998663552675977
0.6475554006527472
0.8221980293897131
0.6469468014991804
0.9100796621683911
0.6934874076226714
0.5264801357198186
0.1503281708515768
0.6308829971379765
0.3906032153366417
0.04037775993044801
0.4979808486387566
0.04128726254784665
0.3057993917108076
0.21867472429239787
0.40652801106759395
0.3021249893282561
0.9655459434024052
0.8646408901825724
0.4755845089366159
0.3020701406341541
0.18355355762888248
0.002629629357363328
0.07519652402301857
0.6748059983960982
0.6973700006500148
0.9757349101620806
0.08344569205389352
0.9880889754790143
0.7163662066285538
0.45033457367608376
0.9662724458323333
0.5640808332308116
0.6801521504985168
0.6772802164948277
0.24685685721703
0.7918032800807465
0.5729171236024642
0.7026676869820829
0.000988211968636632
0.6563671041196575
0.3589933863078878
0.8126949412981986
0.3464179423646747
0.5973705760870487
0.7393790051463857
0.41403326904017157
0.8768396302584893
0.6336533800592933
0.8540532002214531
0.8778969680306158
0.05372486830494361
0.12491693911092483
0.3523449769466096
0.4939261877063488
0.7206685454269961
0.945524032335166
0.1844368658035611
0.35570466303699244
0.2909525239387094
0.9840715154761651
0.01817612926220684
0.3476624934534054
0.31855348650558896
0.8536590582700965
0.6352979507806746
0.542907844542309
0.46798329829803587
0.044913253423417565
0.2826568379631162
0.26375883423842206
0.304215869960911
0.13033010582681234
0.9035538156498988
0.6660578339565171
0.6006653031490472
0.8467830745215514
0.22768191193640647
0.34531686301070463
0.8056474759723018
0.9303995221681642
0.6716702733902038
0.8755279841614823
0.8554301053037151
0.20884547420390698
0.4064776760962754
0.4087591264388082
0.4077319633399694
0.05906171043929763
0.07041913998451546
0.2608269240071661
0.9488987291734461
0.9327173091338794
0.4949603737333652
0.496992513039328
0.10091320162916917
