0.08544173617136797
0.21696160088854963
0.6169397342254339
0.4193870476611692
0.03115532042886504
0.4018124203976252
0.326738950906511
0.9731496213091486
0.7874144509054678
0.171085689628661
0.47232635504039044
0.24235026319721562
0.422561412878419
0.27500118636446724
0.8872408692286973
0.49777679861012736
0.5801982646440331
0.38498768731598365
0.6670239325510844
0.5497006961438156
0.3659644281772777
0.21502591023152182
0.9942074635938134
0.00536585914453358
0.42708577085471644
0.3164466757347284
0.9804044546248687
0.30943498896785004
0.5827877171760871
0.15194614128145656
0.29720600699914224
0.5271422327110752
0.17370356246595087
0.8280069987763872
0.7548038389027429
0.6479292245994344
0.00412203836162961
0.7100419923474872
0.27810323409163296
0.5520605145016164
0.09482710743918604
0.45269779415790623
0.9229456560770902
0.061556268302922934
0.9316135911936232
0.9169652083238414
0.24843563838449878
0.16945025508309497
0.5647106619514342
0.44702939997060165
0.9108468009524024
0.6188392184838192
0.6483115361416698
0.9549929182085004
0.6405357390358298
0.008393350414959961
0.3222384115171375
0.21341940463923392
0.7916395964359721
0.19465047753803555
0.9211378425277466
0.565796906738737
0.5537982949660303
0.5727819247664181
0.5250392199017981
0.9130554270116618
0.11052945097171829
0.20852243287484984
0.40891493281755165
0.7482502694361772
0.9984637139050462
0.5375826639337851
0.30084045534296266
0.6517590859455191
0.255719900710232
0.5471816095335413
0.8491781945763135
0.04194267188679901
0.267722759547506
0.060163114580592536
0.3031061701636619
0.16833312724204363
0.22798076335505568
0.003443402198046952
0.5607047196975671
0.7190412927164604
0.4545198508766435
0.8147639449055234
0.2670381542685023
0.776095974708584
0.6978408281477285
0.6034569358859301
0.8099065180883758
0.25721266201962556
0.3722832174577053
0.9243259259700545
0.7106850974344935
0.3965022881823326
0.7322063297253301
0.6555439082802657
0.5915339710242764
0.6580601666900225
0.7501428425316077
0.8186700760670521
0.1762627247279671
0.4178587217778018
0.5093735012446869
0.0033419017311688993
0.732610601089564
0.27625288413558285
0.5700031774288536
0.4834946562423792
0.28752447273051684
0.17342052603151106
0.0505307194766938
0.03039414516284511
0.9250539011508222
0.6719334795384455
0.7191666517419445
0.38462999311604046
