0.2535242481161615
0.5112400271453605
0.013155615531808412
0.8187223910808179
0.7527003048405501
0.45011289754605444
0.9790248940500643
0.09941919968815324
0.3747555296144285
0.3566063407986486
0.48350137382150826
0.44810253062694316
0.252572301251331
0.5616876236002163
0.7945139927300986
0.34865665739476603
0.8839689467786114
0.7583592855727477
0.6151183804002243
0.8662010651452865
0.32725434027292444
0.5492400254172481
0.2773096974411173
0.1934385827026166
0.008147308473041459
0.9555469873416103
0.10708150915645347
0.3671271302431627
0.2636138618646018
0.3494918926349624
0.30126407248870996
0.13820492420195635
0.5875236606162391
0.3859530962007873
0.6497426695390471
0.3495735666232821
0.21054611758920674
0.8879896198397113
0.5064302305726482
0.5497016476615395
0.28659653096062065
0.5248186329946494
0.5639233761456979
0.684537441547131
0.32203075100129586
0.20962725195689147
0.11671231956620054
0.43364006008827105
0.911674062726952
0.2921186207660966
0.6150924548833592
0.5681891706536855
0.4128872215138826
0.4161848803682173
0.8142244349447487
0.0006141071728027917
0.4002793630951364
0.02110319217027506
0.3859404347337973
0.36817455945904976
0.3930149392362873
0.13482165645370503
0.44686113916297465
0.28967882948328827
0.4548739365668091
0.9560136018726513
0.6602490261646555
0.8207311725078763
0.5760272222484547
0.09070084409644609
0.7517525704770287
0.4013348879811025
0.19586575651298324
0.28616203005309704
0.3757533236004327
0.885111892795291
0.4887260449544373
0.5850820712540381
0.46695629176429726
0.15872959562032854
0.9730413791451984
0.3684554704304883
0.0948621947408077
0.30402566205415027
0.7258905434664817
0.9076301119045342
0.03761366005593506
0.9434576814189027
0.30623314836204746
0.14380514364115626
0.4727259196797326
0.9663308158638748
0.8598710337935178
0.19961057112401992
0.12046642649994639
0.9045095231698308
0.6056070473444035
0.6386675977374368
0.09989456418338083
0.3123960940025238
0.4301491771397718
0.09182970002164059
0.8379221161846102
0.6916050758567029
0.22854791534163865
0.43845592882564793
0.4253497061278295
0.4559275723295742
0.8713204645832923
0.7005579257184452
0.22321894942860077
0.7941985315686649
0.10762681502980787
0.3079513389881081
0.5031247291967036
0.5440613810114743
0.5498595732992928
0.20061293248344822
0.42782685811306176
0.2037794570681777
