0.829340096352549
0.9201905686885489
0.6506154405325542
0.41894841305990593
0.242485908155728
0.08763859168467804
0.905828329832367
0.6256235297967494
0.330004526244998
0.2465495496460719
0.5429453024916124
0.09573455952008073
0.5197698914534968
0.2960140758543448
0.5960629606004055
0.5644078952688154
0.6443830714149585
0.27107558197323334
0.9194199830695
0.23451157007525172
0.3842497524393019
0.6586162529724862
0.6609871568664927
0.5127819227017303
0.7351338834795647
0.4778228867118304
0.42666332801535733
0.6469342645005542
0.9764988117202458
0.6878919623373592
0.677199218790313
0.8132228922614226
0.17686703842064855
0.3616296153936167
0.3147247504361599
0.07722565303400228
0.2710197301368425
0.35100793906056177
0.6171849569211691
0.4772306944450804
0.14698207701052368
0.9350300422570961
0.25982419441072574
0.4692186600709032
0.07104996424376125
0.7095016150543885
0.586878857317441
0.9751122376354733
0.1500088907901478
0.4640209288719346
0.5665886609066587
0.3374355197093857
0.14744872589406866
0.5940942525459039
0.500554562054458
0.8699480912393031
0.797006344934688
0.22297932790582053
0.4063086549257214
0.3498626963428052
0.42477371739458025
0.6671272303799869
0.017028788043541576
0.6552671506358856
0.011872146353221646
0.7070113639056734
0.3234455005914068
0.9842784724037481
0.6955280565282053
0.40673461008956197
0.4647514576768288
0.1129376925809984
0.671891713648648
0.5584951963092673
0.6206256644768878
0.6774478591672406
0.045208704518581735
0.009660081930249476
0.7114089096054363
0.1402485463186581
0.16390506348437306
0.6023942860856898
0.22310929712960748
0.46036836834096484
0.9971008154466328
0.1995542068006606
0.35142495767989335
0.25414889364274096
0.5183055317456365
0.13842163738096988
0.36861419677155105
0.03980680810647552
0.05659415772872933
0.9882758653748416
0.6297722606156047
0.5471997117873966
0.2449056580169886
0.525622098555228
0.6139677067862543
0.547748331037556
0.2765824931230504
0.24610200675423521
0.9934386373710583
0.10891189862119366
0.4119107012459591
0.09457220457371994
0.640104919992553
0.9766268621113547
0.9622549699342706
0.9224172617859923
0.9709907603400312
0.10431106544863145
0.3212722525224492
0.5004708877638874
0.11666612094484992
0.031525755623638574
0.5867942730478495
0.46201502834427366
0.17567208186930675
0.013463217448785869
