0.6508033084158122
0.3720894352100932
0.17884654770731445
0.4336269526479596
0.2970123808717534
0.6058457011820257
0.6535534460851475
0.9961969742913248
0.9582897955154484
0.6905173628787753
0.03901506987807251
0.240299194505211
0.08949976251577987
0.3085151987953132
0.9219596697707289
0.10320894531801365
0.8618527820020859
0.139168658808551
0.34253975925528857
0.6478024556611697
0.9980624992631957
0.8305157233430296
0.9424760053191759
0.9792459776646987
0.4494811111918897
0.7853387705499296
0.037968963102266697
0.5652265749916093
0.7322217004041827
0.11773104636261733
0.8755105208401542
0.9105548826654906
0.7661323899351489
0.12809478021556917
0.4732375105444486
0.4685061040429548
0.6054974454004007
0.793163273503076
0.9619199679815891
0.914627119142505
0.046897277675912674
0.9253641375510913
0.8866801749292057
0.7587101044743545
0.9523669091657553
0.07150830735458436
0.6165448740508552
0.5800473428841725
0.49087355479296857
0.8156572643786911
0.5954848743430262
0.4133304702740981
0.7571354213958512
0.11360834991430462
0.35570276564961767
0.17803309179899185
0.7051372715899721
0.5720782873638479
0.27209247015999355
0.6972034905462274
0.2535329592115585
0.5173184743060792
0.5384452999155047
0.6349428583355015
0.6309557714032625
0.5539387212353168
0.18030838641443167
0.8445996026912939
0.5517590100061771
0.2129070236049937
0.05551015098091088
0.03141681770848104
0.07513826758273177
0.7738414796809647
0.7205991495391885
0.755580066696003
0.04721918249933421
0.5067368907542456
0.8821524104034981
0.5057268751187787
0.44652343582747367
0.5879217489782713
0.6573810769370511
0.6437246539671467
0.34940483872304695
0.2926849969420502
0.2613396859775017
0.6329361801511231
0.7280544611074291
0.5654960358463521
0.034737504591744746
0.06839439672363046
0.34089059182431924
0.01862221646051676
0.5048103228422232
0.6448505297889668
0.93955715505572
0.734328500817697
0.8904367747824518
0.4619370930853177
0.4773515560636765
0.10134185136092055
0.40062221511160434
0.09534253956727545
0.6339654228546048
0.3429546836354928
0.6159964151031228
0.7696229711440532
0.5872979342328051
0.8262647658426758
0.8865854914168994
0.2305151333237454
0.9445984556658108
0.9907477472840875
0.2985661792819808
0.8529486644870801
0.42169838608718146
0.5332433275496593
0.7426773572499377
0.23991748321786682
