0.006298772774226968
0.05872316555205215
3.550784453576483e-06
0.1953749080976659
0.004055105758232758
0.004193177379587798
3.7682329778743195e-06
0.10335304173860482
0.27095403106599836
0.006669517087792176
0.023203127997472928
0.049891139200582746
0.14426437815723547
0.04574267923761588
0.19219007748699335
0.009516964878328205
0.0007295506471294289
0.19231512020373254
0.030435412013870122
3.1939803124547694e-06
0.025166448035257583
0.03444317476530845
0.1243287258322956
0.00016017451764360757
6.416374311357664e-05
0.04346181930828785
0.004517053999977039
0.0007757561606911434
0.0067297093599483215
0.012044038380485178
0.19292337398595416
0.0008045355640260432
0.005975794063670881
0.031753777260837834
0.5537539945700989
0.0008786770487889672
0.003179933524375178
0.008503458404614639
0.0685284340410579
0.007274952439741744
0.0006297877484158221
0.0012662992546692564
0.6852136430839391
0.0036629974438637802
0.023663078963381157
0.013630302022218155
1.613903187003274e-05
0.014438263513173233
0.297810170368789
0.45681304960234037
0.3039621708074045
0.004227767759955148
0.004745708298673046
0.15908250437693616
0.04016426191184541
0.3549062054465737
0.3858391336588116
0.0014829032591343605
0.13925116933283288
0.0006566821238087606
0.08232997194335723
0.15363935779770266
0.031702592093676873
0.09605391393624996
0.03171814111548721
1.4736273946436285e-05
0.2554976114149352
0.12501100415582744
3.895439903978115e-08
0.0010387288079662937
0.004589235830300797
0.015500807239446912
0.4984811744704454
3.959915816098558e-05
0.12533731252008695
0.041864710484437406
0.26917479792251453
0.2772651439545164
0.04575204470649186
0.07921466167752511
0.006389153792385693
0.1735586095838344
0.06201864114746658
0.0017438387877832806
0.36866267836364774
0.02013097373549466
1.4303094748369105e-05
0.0006267303599052365
0.015682677342546025
0.029674998492557725
0.039600684699958144
0.19364993992744695
0.14363426864842377
0.13406946340323023
0.06759048929750922
0.015685200209807793
0.024623099889361066
0.003739805153725184
0.038227347304776726
0.1222333048938189
0.2762501988986319
0.15648866847817344
0.0013446315751102222
0.019011542968806916
0.009711389744540666
0.3537347562210309
0.07232881238400135
0.01753947136938816
0.05171812281139876
0.0005388339404905906
0.019654557074806345
0.01140609992292152
0.0049552332663997944
0.08920490227572286
0.00857146952563137
0.06660263660375842
0.07730482930563976
0.036305092409131046
3.886130819363842e-07
