0.06924995999873107
0.0004920273783566298
0.0025916584948488808
7.527370415871815e-08
0.15134608314051912
0.039193843971135234
0.13000125568278986
0.02640087276600167
0.02906460865810012
0.017333707851706848
0.10086365220940197
0.14088826344428607
0.08916166683376203
0.10885889099042712
0.00580860569050734
2.783993702903942e-06
0.11421577774525105
0.2706790887858026
0.4192771510523321
0.003171385808761862
0.42233830677818696
0.006278351893590273
0.19517233291504255
0.017471792157770727
0.038016950715570985
0.09808862147632577
0.0025902131573671827
0.23062062243013015
0.03206823626211497
0.0385264444717468
0.06546516338549502
0.004947124300862971
0.1280361600935811
0.23758891499820733
0.06936102033571911
0.013239480432553519
0.02048335496363962
0.18644417356757043
0.022361598870769717
0.01720264218567502
0.003580540121816078
0.0008867630204141275
0.016812835734864917
0.01110691718608714
0.4396450577776545
0.04138751524452089
0.20846989252103731
0.021456084641346962
0.16370778461246394
0.6217934961260958
0.20009642524169258
0.08780068293209609
0.3795078951464521
0.41847703812456816
0.14999811726547652
0.5127851053233436
0.23963307233957098
0.006961088677689853
0.18227553761755133
0.5433249765026223
0.03233258618174095
0.025102288244027937
0.005239621471872624
0.42215156621489114
0.565219585374461
0.09636406421232468
0.37427310043663503
0.0032152022046774142
0.47658473282132285
0.2041992138839499
0.5261613584130158
1.1494961447588992e-05
0.0003445646089994536
0.08961421002357683
0.047334399282711326
0.08065754669095737
0.45613339042265805
0.1449265295655604
0.07048800572453334
0.10866682823982887
0.15721095999544632
1.5482524262644404e-06
0.233475809201801
0.1627737740340751
0.23920687571788446
0.18844643752412749
0.09418921176856254
0.3384909091412496
0.015549058738147048
0.1128152403124576
0.10111445577797173
0.3365472003228107
0.004760573459099415
0.0017219956716660878
0.03591939413472067
0.15143446558689644
0.5423484605560283
0.15199686033906445
0.044955732507832025
0.02744554187792647
0.0005243849049278992
0.007281496535787024
0.16464737859055756
0.3542532411466799
0.09495049604509198
0.4898854839064417
0.0066950086686698995
0.0028630077060363135
0.1659576387699908
0.004781886074908037
0.004561875344671229
0.3762915076258577
0.0004923330254713587
0.004182201059792723
0.4179972998078725
0.04160595487640939
0.27268700075347363
0.16011725413387845
0.19918473298262684
0.09229296475719462
