0.9803118820669484
0.29391430461735213
0.6213603955894074
0.8066434042206179
0.7143711362973924
0.7563729462402521
0.7219165241762313
0.7600567888766321
0.3966690096666363
0.950474551949732
0.8677843755028047
0.16799724148477146
0.4109404370656033
0.2139094898234522
0.06271933040634536
0.698667667557557
0.6823852325899795
0.6032764628950321
0.5803866734659608
0.5781801263692067
0.8503884186283817
0.8271596598394564
0.4185468184860537
0.13914780272331928
0.25469960382941204
0.6621462926616892
0.3101621168487825
0.584886287284641
0.19000132204089404
0.32031906153663603
0.4123812910277595
0.8483064732179644
0.6364009830260235
0.9014622680274269
0.25541156688854993
0.924808378817203
0.2460317323695691
0.15568962571184186
0.3190207670664815
0.4101019005027977
0.04932252388963243
0.558781098386268
0.09313369864369286
0.6564902545555117
0.8519929431067905
0.4105327068743017
0.10752319696837986
0.5971778098844933
0.0479403447926805
0.24186239587345318
0.9197229828162219
0.19713496141280556
0.6244085495914047
0.41927505702751344
0.2922698231937147
0.8783276369154343
0.17233262730834586
0.6818416676219701
0.3093175644385246
0.5647581368332055
0.4318269608155565
0.5287266228118515
0.41290338295568185
0.2182382457846581
0.571952820841245
0.6218878715896163
0.15327327493481444
0.10089594425947945
0.06847413928003054
0.5427464344810107
0.7017678117382633
0.2203329280660833
0.4456862898946772
0.6204965774604481
0.3390452710368595
0.11818829469590691
0.669517890214296
0.18292562400386903
0.3329982113215403
0.03660923667852911
0.2584388169552134
0.2979372797059469
0.126110047402604
0.4570778077637051
0.22602535728295403
0.6269119932994978
0.2682235739237924
0.6233818987160828
0.03724204495414685
0.940263648928911
0.6993824654878846
0.7999874916592365
0.07590538392558024
0.5692580337108486
0.20102885883375732
0.20717589394783634
0.046929105243475266
0.025123053197065204
0.5217283243223554
0.5561776544627901
0.9285266670756473
0.08248211420282411
0.7679064042462105
0.8195162192485135
0.7753892814183354
0.7092548315473532
0.5294016754072475
0.9678478894636808
0.19731927609040092
0.7694631608008479
0.6714940950265406
0.02723404331734051
0.534964867264407
0.9818242555093164
0.45819481691228225
0.6387549087792352
0.02694215994442195
0.7596656408462091
0.7963230585616523
0.9042400596734744
