0.042247737399216494
0.5241989103366131
0.3849423018058844
0.3287021634924574
0.24264760382765338
0.43732411701107465
0.7228650089805606
0.9482621271888159
0.0014125549913091007
0.7209057515829744
0.1200579565459865
0.7763030960125681
0.8368344329289212
0.6059301368882534
0.15528299000981938
0.43534304966825293
0.949907019005514
0.9173054264783126
0.5679647281767621
0.9722070486520311
0.99792005338349
0.9440856111681519
0.8053941077438049
0.29585796204414705
0.3311074440238042
0.9336098235416495
0.5142483773347433
0.3912795651824872
0.1916261639718548
0.30756649849287554
0.876365853936251
0.6019931989789555
0.48064739623870834
0.13444032301834713
0.6410100219491897
0.5623954051840832
0.09051961358840144
0.24500028585077194
0.8215595713610113
0.025068001909740012
0.1445691407726133
0.5895883924211489
0.13919503434569458
0.983750616866634
0.8168150726921517
0.798986047582052
0.37442655215188536
0.7547110956058607
0.021321700189808945
0.9238287623446046
0.26092294744711597
0.9800961740131461
0.41495460916265975
0.9054809873714011
0.27602015761231624
0.4151831159658555
0.833321576387031
0.6214073502481369
0.8548765705241232
0.7640485564712278
0.6240146172496857
0.33711317035543953
0.024229039642466477
0.44486162809630164
0.5308312971111111
0.9776513337379468
0.2120812588290158
0.7578489457441691
0.9263901442656197
0.8646973341095114
0.11074900430479295
0.08464657921354034
0.05905057587211626
0.46336982257694403
0.5469774388120834
0.5108051049558794
0.534420138506569
0.7500303864422698
0.2635232328613555
0.19723356216603488
0.8366401192649506
0.092038737619339
0.8246960836659984
0.8674611280485693
0.04081078812431049
0.4227646142491026
0.8022427111551773
0.9079659332744332
0.10908196917625793
0.7800254182851099
0.4123993788228304
0.6412842260833757
0.004702906834937792
0.6307123066536062
0.060478591227876244
0.32575658153973525
0.4937818904432134
0.8011009435576386
0.05849891450259248
0.8359656191666205
0.48856432951983186
0.004991464442410276
0.10780964075716115
0.34240354482539476
0.15329253170524393
0.38855890501677304
0.2564992523138413
0.014699696304770082
0.7930676782889343
0.7303207173158075
0.5780308351943471
0.41116497186233936
0.36323193716092317
0.7889635295036144
0.7364078095860398
0.8801315357039087
0.17581716515485457
0.16829321766967462
0.30186025291886764
0.8270895015663202
