0.11475853631212529
0.24162692310295952
0.3824724779532629
0.6908421123845929
0.10227732068362361
0.1854790723343862
0.7377247561498583
0.03131856655531706
0.7066573398252626
0.3158649965511722
0.7699762578408321
0.9195078692437642
0.08841386451034028
0.0918506267986805
0.8371587418997881
0.2082668869385813
0.06481388867799054
0.17606019505399295
0.7829360522666133
0.32535479437595516
0.495313033956087
0.4260098643669983
0.001471385076438736
0.06392349199574965
0.47623468096972976
0.10473789343376638
0.18279211383245086
0.11320679881524986
0.038445703228992656
0.04041352697642053
0.6220795883851047
0.16138399845368911
0.8219962979339037
0.001633253798686507
0.08141410502120894
0.518964714565602
0.17507247948259508
0.6641462907643867
0.7196264749671042
0.35990248753567866
0.7351936381527644
0.2070018116462351
0.05089797267454754
0.44048503941417083
0.7487849043983299
0.44479423758640024
0.9123905504511705
0.49877241731271615
0.652097236389499
0.9241601488242064
0.4122469406510956
0.9158146571168949
0.02206453663939678
0.04354022158683768
0.19203740673828237
0.11920382560267795
0.1928959102198422
0.8022566161581088
0.5182199903748839
0.644326348792453
0.41859347167264715
0.6024413676778453
0.01576659410926662
0.28601847976553385
0.5227160578193486
0.7224894840826752
0.2853490545573296
0.13439200403986162
0.9128530787163038
0.5018987309448666
0.5394177753201503
0.04787197007366828
0.16824061868026546
0.0670594040005188
0.005065872803425631
0.6414756507213042
0.05799869278024339
0.030828273402023765
0.6911820344497275
0.7267422541256587
0.8814422716279743
0.20556284302936212
0.728168625343951
0.7832386576660906
0.2626405084710661
0.2345317486192331
0.03156655941727804
0.33180954444165933
0.2580058679354711
0.18289133061281346
0.05988453189853793
0.03355895702274991
0.10598833858658208
0.07817633498481658
0.526451336805327
0.10121017436763058
0.4695799280287003
0.04894397594717259
0.48143100029813657
0.25496326656584256
0.038087555350788005
0.651395757625586
0.9306509215442896
0.27019466300436523
0.23508595537020982
0.871195910794196
0.8660271650742493
0.05820489096321779
0.9743189469995728
0.005814548448569434
0.8173126202784375
0.17161759182998004
0.2591273805429577
0.08173573265748191
0.2218326837786142
0.35038617097028835
0.23502645047070225
0.6104553147819324
0.03864896585863953
0.4517470765111684
