93.70349884033203
100.24098515510559
101.49585103988647
103.22792315483093
106.15748167037964
109.43503904342651
111.71702599525452
111.71661257743835
113.71645784378052
116.54066157341003
117.1982753276825
117.1509997844696
117.39931988716125
118.47962236404419
120.86715841293335
122.18441653251648
99.65966629981995
112.05014777183533
116.26425695419312
104.91272330284119
125.5690746307373
105.5596034526825
118.33601808547974
102.62486362457275
109.09282994270325
113.43509650230408
129.20988941192627
116.51249408721924
120.4277777671814
120.77511978149414
117.49292039871216
129.10489344596863
90.08153820037842
102.79504156112671
109.83524656295776
106.26695537567139
117.25694274902344
104.75324130058289
110.02769589424133
113.53137063980103
110.05331635475159
123.47279000282288
122.36294460296631
121.13311648368835
118.8435332775116
127.83428311347961
122.68493676185608
129.85904574394226
96.8715500831604
98.51513910293579
106.6671154499054
108.15327739715576
106.02158904075623
119.89734721183777
117.91375064849854
127.43535447120667
107.36564612388611
119.2940456867218
106.46613025665283
111.71497464179993
122.08924007415771
118.89281487464905
123.52956318855286
113.29964661598206
100.10817003250122
99.286212682724
96.6594922542572
105.48017811775208
85.62610673904419
111.82632112503052
125.43209791183472
114.23032188415527
107.20027589797974
110.80530428886414
112.42538833618164
121.3291437625885
123.22869634628296
124.01858043670654
113.71079397201538
115.41652059555054
103.0265440940857
73.30622625350952
100.3993501663208
90.62520933151245
130.4574863910675
125.91512036323547
99.9837965965271
134.05194282531738
97.29259943962097
139.10624837875366
110.75734615325928
106.85197615623474
127.72155261039734
98.96939015388489
125.98085141181946
133.4684293270111
137.00608348846436
104.59994888305664
107.86785435676575
105.1892626285553
107.59523129463196
93.88650846481323
92.36343574523926
112.19556403160095
89.16222500801086
108.19019842147827
103.19131255149841
98.84884929656982
92.82181096076965
91.94029378890991
92.27766513824463
82.24915862083435
83.31784391403198
83.94311881065369
97.24110817909241
84.47231674194336
69.99088191986084
79.80883932113647
65.38026118278503
67.25723624229431
