0.2380599301909765
0.07802333702044018
0.2631550188940248
0.8363119396672687
0.34537056901219954
0.011538058462417622
0.6372501555811401
0.20101894921119978
0.08219851340886053
0.06307715954109638
0.5803954030669822
0.41223995566807914
0.003011130453711708
0.3437350284530689
0.019060576259236184
0.30320771167461835
0.03994100991558169
0.23355432215029714
0.08748842639477661
0.23413138000712075
0.3380904381582015
0.497347288270759
0.8588561814656934
0.14576218915336137
0.3436198033839364
0.9664292865540796
0.41143413431327236
0.006677016784335299
0.39523739741404396
0.23287746483827454
0.12878888902358687
0.7246897702684635
0.4576400930545623
0.0456371618024598
0.1114333161302008
0.031220644583881185
0.3534503782528511
0.1293844540122644
0.29566697478975956
0.2090466718076891
0.779315515953604
0.13803950780121732
0.001557221854117774
0.000139345343285191
0.011709054137283736
0.8655758594127283
0.10970736106279366
0.7225397999986136
0.01783592490541208
0.516722912134826
0.37126631656916365
0.18089503509767324
0.8176173683400128
0.012978837675714283
4.750976304812582e-05
1.2481952289533638e-06
0.2085585320792851
0.13210797815897513
0.00024488361777197376
0.061235312339001924
0.8523286047352933
0.016802953351224836
0.7043034205645056
0.21428487274529906
0.8002805217543436
0.0206494261206549
0.0013473502901859558
0.510601007557931
0.9015364255585634
0.6592273811706326
0.8487191717574842
0.9977385424752915
0.18796737638741856
0.0033361912970080176
0.3536053642459349
0.9139862034834287
0.9180436882887804
0.20427938445065918
0.06760206994724438
0.010415775339079003
0.18389733480449655
0.3247632934191831
0.21649961930592054
0.19100994476733968
0.8869326672471743
0.4427088124815801
0.0928531905721437
0.8813206257438035
0.017486835538297107
0.8121832436805141
0.8244114368174524
0.054331220674570524
0.9846871545792686
0.003574452542504991
0.2889517178466605
0.35005630062500837
0.10109980149138131
0.6149039497843276
0.5107018124724725
0.06947598265923527
0.09211543872522765
0.7835279165001932
0.6007422495396495
0.38312729937150314
0.24562745588893287
0.6402810199083568
0.056121763722244866
0.6542560575972569
0.15423410404585858
0.9520240728983744
0.0500354738200659
0.13580160942117936
0.6626501882919802
0.5489895902750705
2.953089979218504e-06
0.9473632510401561
0.5550165637519824
0.27443855490642055
0.0012929269931925003
0.14342058093802823
