0.10394374596875
0.4671852136458712
0.3384852744746349
0.7674705696389499
0.829725397495261
0.8067804696974694
0.4051140992171092
0.4517623457080752
0.26902247864930673
0.43442285544981263
0.3928421550759902
0.5820358356132742
0.5017765679096318
0.6577055231591253
0.8785097595531853
0.846949907130319
0.5101402542575444
0.13730529202185293
0.6622748199020527
0.0009737533417233379
0.38197142273692397
0.08762561804345248
0.07421134895752401
0.2947158120584115
0.19837128310410068
0.136428292802248
0.3587655006359014
0.3391647951080612
0.47846474294009345
0.2698804883777359
0.30222615065855796
0.48684644300438573
0.7486461821963138
0.011579143678708492
0.11025192354832725
0.722152619781491
0.4004664535378031
0.04410630474815247
0.3159658723535008
0.15717905956360967
0.5457566041495165
0.2677586749240233
0.18436915073175708
0.1749823391514651
0.8143270066423154
0.6007080545680125
0.028707014588863267
0.9526866489585465
0.2451033234025115
0.8275991024193436
0.03202873406122486
0.0011087838720889032
0.020093715905449283
0.4711694921876195
0.03774891715995832
0.9240857256941585
0.002797225794641589
0.07414907800467074
0.03061259213549916
0.1491717862796076
0.5323770836251864
0.2270661994963663
0.4844467901692828
0.11791951694242297
0.7360383798176555
0.013741341078569391
0.5007166979553208
0.7476970136336804
0.8886348228833129
0.7208713654838809
0.6575870623140219
0.562458008205698
0.04879508509616892
0.353739248486427
0.23570425605309508
0.28058447077340576
0.13408888731072124
0.0010197530047622028
0.06667485129709427
0.33501739979807477
0.6491779446133199
0.06154009771685742
0.10707613604136967
0.010327728876465825
0.9263367681560666
0.06629207396880243
0.0014565133020092436
0.24800396936624147
0.23875346925164043
0.25742040837157387
0.7000422391918222
0.08794878079805343
0.746775955422922
0.1202907522810277
0.1521204330933117
0.1467546353717779
0.7368992042247422
0.025885844134872573
0.7502210384737598
0.22375831081084874
0.5502525164677705
0.5272491827898471
0.1519218678826888
0.21295189732320366
0.9827992810292213
0.30977090225534476
0.02270833158653285
0.48100480179086813
0.1817242479717931
0.049014991020910004
0.333429641016886
0.06408135075909271
0.34647896783413024
0.06382695002065719
0.38982520517021757
0.20859995660416653
0.29151430474807793
0.6895917331058194
0.8254446298778026
0.7776577792119261
