0.10229305973747227
0.8957961155041483
0.40427562410404133
0.8474701759861244
0.07846079101186909
0.8075752539212881
0.3203508467954739
0.5257405447995902
0.8544138917047195
0.15886034638137647
0.00014841409619603674
0.4601631830237209
0.16340228637398435
0.21788417400454607
0.9617352442416488
0.033004720518291286
0.40621433016840447
0.1478077034641645
0.8672772384534755
0.5186762258843558
0.1456414247384645
0.020960852917160544
0.5382432218917323
0.04862663017183033
0.9663567132176825
0.5258454066973701
0.9269941812966045
0.8423517534763802
0.842246467719297
0.21107779203208077
0.03856619061078126
0.6873594699072074
0.5261199303621957
0.5193207083909406
0.4180756416865479
0.9036405818265659
0.6970415908381358
0.8138824223431067
0.5640651372688024
0.0014273186690652029
0.04989033746549709
0.43345865876193845
0.21473041979563048
0.9260458019719637
0.7273093074904948
0.7960683204312
0.33376737987874266
0.6310257460070838
0.15560215584749493
0.09639720953778785
0.7344398005560298
0.0752917612908035
0.168032922735072
0.5787508004875617
0.4862754661645601
0.21901800034323382
0.2985625355502246
0.5711609684715397
0.269150371957009
0.18876463478935168
0.19809138433772033
0.0821830821970142
0.803923973934644
0.0063280758406496496
0.5217656054202711
0.8899687008741581
0.42798434730353563
0.7900441046026655
0.5905014052894388
0.5528842603782191
0.4365630895959062
0.5361983846353828
0.9379723367931918
0.8121082495543491
0.999363327208135
0.7181485540054835
0.19549423231219143
0.8774497351971957
0.6802891987152272
0.29498405215189927
0.15369993277092275
0.05943949856858488
0.42360353623339075
0.02100131821143103
0.07733042845554894
0.03240363440022631
0.7961502660323223
0.11545625991685249
0.5693170151706594
0.9220487287868511
0.1977423862495571
0.8411512499003448

0.020522736721485968
0.26146499723130834
0.7645193074430376
0.7601408601106718
0.7513554999004629
0.07835345137987693
0.6258175135932305
0.005954673860444792
0.6122701061138778
0.8214129800601137
0.4679398935948478
0.5339094214674451
0.08118182626381665
0.3307733684119798
0.6547163350347989
0.13509324213142482
0.2706601260237831
0.46928858600799966
0.6346207190913618
0.7412063656712835
0.09521364586031944
0.7494532732455808
0.026730014037450234
0.9476043129188454
0.5195852969408339
0.9198270193019971
0.047781016645135566
