146.90830874443054
161.1695876121521
164.1700165271759
165.34999895095825
166.4843828678131
168.2168207168579
169.98880815505981
174.37903809547424
175.69251775741577
176.66114139556885
178.89977478981018
183.33852648735046
183.82462120056152
198.40753746032715
213.57046794891357
217.0041742324829
159.90457129478455
183.0480055809021
164.66932082176208
175.37808299064636
183.44939661026
189.7347548007965
172.09491324424744
183.584317445755
182.56016302108765
175.9812581539154
165.2744641304016
189.14701294898987
198.26416158676147
160.62050819396973
171.49148225784302
209.02560758590698
139.95693516731262
149.11746764183044
182.37631607055664
182.63576102256775
179.40866494178772
166.14378881454468
204.35981822013855
158.2146453857422
179.3525447845459
191.65933990478516
181.0600607395172
195.61719632148743
171.0515763759613
209.14314532279968
205.24170804023743
214.39470911026
166.05682229995728
165.18906688690186
156.48955941200256
190.32896661758423
193.29133129119873
159.06809902191162
162.65340733528137
185.9452633857727
183.68287444114685
150.98645615577698
191.05209469795227
196.1199448108673
221.81123638153076
190.6630072593689
180.58727622032166
212.62809586524963
160.3628067970276
153.43182063102722
142.38129711151123
207.90602898597717
170.50557398796082
165.4735963344574
168.7153606414795
162.2045397758484
174.70617055892944
180.36454486846924
188.04089188575745
180.21723532676697
188.83430457115173
188.6153383255005
218.30888199806213
158.52434086799622
174.8446502685547
122.23498106002808
225.6362693309784
177.78357195854187
194.4955186843872
189.9127287864685
166.97488594055176
191.1505627632141
195.30619168281555
185.538911819458
211.90796446800232
199.3999581336975
169.33329367637634
179.64639616012573
217.66396760940552
157.27272844314575
166.16235327720642
141.75634598731995
162.6266725063324
168.2516746520996
161.49555444717407
166.91964435577393
143.565034866333
140.56498789787292
158.3952317237854
142.49785566329956
148.34994864463806
167.91060972213745
142.0252013206482
143.3886275291443
141.3372187614441
112.19548487663269
149.54763174057007
126.13163232803345
135.5018436908722
133.69523358345032
131.2133333683014
115.65115356445312
117.94092845916748
131.43874430656433
