0.5460139280509739
0.0358465956983709
0.9994859836927699
0.014819737112046205
0.7639346137378626
0.527605623587923
0.152037761748951
0.39171571711761644
5.036949109693545e-05
0.11620456298537185
0.13837933853653173
0.6339035494806982
0.0069734188290457855
0.0004265550894135828
0.35369105107426924
0.6049066353038578
0.29862100141535974
0.13337436918250556
0.08416427053630926
0.07962302854186976
0.270885218847462
0.090086507414461
0.5738099789916258
2.16729774349389e-07
0.9522881299366301
0.10487373440961756
0.3829475970534595
0.02059349477077932
0.052645219894291495
0.007152567530440912
0.2132056743909183
0.0004838403000535507
0.0024050664496573226
0.012212505339047386
0.02109527540378231
0.24174889130724253
0.05613919623010766
0.04302036802693924
0.03709901793485337
5.34169224370995e-05
0.5280758653198119
0.3546154462440563
0.0014481184990731144
0.1484662666921961
0.3107688994662767
0.9564978049185653
0.12650641536313367
0.30187415499101644
0.7831475205642944
0.9102620939124588
0.7527683637029502
0.017647716336625763
0.7325307018311857
0.0014063953219349834
0.4698831131916758
0.5970268772584606
0.007059770379441943
0.46932973615712853
0.7964648813215078
0.8356261693623197
0.3283093373842858
0.1853321365670786
0.8436857371393925
0.00023410211886298882
0.0015801692372365839
0.0846404826646332
0.7177588784850899
5.410997604315959e-05
0.18291671834096324
0.5063101849309327
0.2641966206694668
0.8475371140900991
0.0012027706448514142
0.026343868815252414
0.031029652700463872
0.2113659682085467
0.6012966003748348
5.632809670697014e-06
0.8209198285323993
0.2686696019159165
0.7223152255358514
0.007732210436655507
0.6024339975754404
0.0038764473357142393
0.5141839035939493
4.9915453127713505e-05
0.01211155880430681
0.026787052991248173
0.45072618516652785
0.6440108986028898
0.028320833277955426
0.0006933383762592893
0.7708086746935825
0.6717433629501437
1.1130922850099978e-09
0.08667462059106068
0.0358018786328953
0.07142318822280869
0.9634093491983153
0.013037881966052156
0.14204145547247182
0.3783507726129214
0.00042986109614018275
0.0011521551298483423
0.13702130562792503
0.03988634593054985
0.7861525375806507
0.47445945930023115
0.008516199853048745
0.07833004733383708
0.0919669942118233
0.38351740967764325
0.14513998201465653
0.9818553228390994
0.2604662061003986
0.06546323467168191
0.7107339234270119
0.16844614105283728
0.6702464285907043
0.10098422430223897
