0.7665294464959651
0.3655012847018366
0.49473778759001863
0.48040398630420933
0.11833370446010227
0.15316419053103547
0.5229187066023355
0.21261751578950383
0.00010690182270933768
0.36088843040743424
0.9469381218881221
0.6251651478924019
0.23900504064444195
0.09656815545208719
0.27315049681939096
0.33252930044391626
0.0018707230176930878
0.14334810063800285
0.281967398081586
0.004829875694547958
0.8405055264453818
0.18774023690171338
0.6629654528600151
0.044289475434368786
0.10288096835782623
0.44162131045716424
0.634294406240735
0.6753140713151431
0.2417325352709203
0.4843879456158866
0.3543025698009472
0.4880894417886452
0.8287327532560596
0.24957500663094057
0.0047056449477280715
0.6426264151334686
0.06045342917516505
0.028561336862342745
0.1780130182273172
0.28393344381548813
0.09662645237208345
0.05797217307457503
0.3809601404666987
0.42397697732591455
0.15683972453190154
0.2864706694553132
0.043664719584262546
0.23437555406990906
8.345470860549042e-05
0.0033719098573885553
0.4294847557960646
0.40329427458818734
0.4828189834648844
0.9482282817506777
0.03580101915735945
0.06548995918611311
0.030740186567341343
0.0071873379583358155
0.20265171543181282
0.03879631914268189
0.671384528292801
0.8341908429980902
0.014226829359983428
0.18918407805082826
0.0647443646914434
0.43137509393161144
0.3354419697167761
0.0486104397300704
0.08158271440929288
0.42986348012455267
0.022088820490140208
0.003932728742646274
0.9684114740735266
0.028351493024858065
0.16411091854849458
0.28964839166842604
0.09470985042774394
0.6519812809799049
0.05008185265842435
0.7057609815688071
0.0003709324029437244
0.0011287694508952395
0.16175709435316032
0.5250142120502519
0.6626510692867316
0.050769845791397206
0.8056459440555062
0.01765318760311052
0.5535643350589003
0.6984836701132995
0.010155858941977236
0.05044507031900536
0.19215430926108468
0.7499276912569208
0.5082026096347072
0.11696045118644349
0.3416865212019291
0.9096606506174967
0.2425007860182086
0.7207607537012315
0.9439461141962575
0.6943704060219071
0.8943800143034066
0.11291986930400966
0.0002072934974037821
0.8550598142175827
0.33642710194580716
0.4471407043784901
0.1617912240370496
0.027596178279722938
0.5805804847150062
0.32646812553865345
0.13912543694511204
0.6020194726220911
0.10271574629395194
0.664302938993435
0.26565996737434494
0.5421190700690537
0.11084964247698914
0.4273489880200356
