0.9315104651743251
0.08715228576896283
0.6338690650818395
0.10488826560130582
0.9051437126559505
0.4431094814957528
0.7285055140459339
0.2127003969266548
0.04851918049716118
0.4191910546604001
0.7495204382040236
0.9220024892953496
0.2629877122452917
0.08986192023755414
0.35396534031473414
0.14304220691300662
0.4294041900247267
0.904784135561622
0.9580878699996727
0.17890995648834765
0.6769631209263953
0.3436166746480795
0.8670899118693861
0.10427294416607347
0.3214791126666846
0.6757687280963329
0.9421904820395115
0.9862582367168813
0.3147077258704516
0.3644365618421377
0.09756222363204636
0.9985597186363921
0.6987542683244252
0.845648361464332
0.7345545200295013
0.5933340728054828
0.0785182327449264
0.844950148632468
0.21681389466947062
0.013985906265684812
0.9860497339671368
0.3386844994737547
0.9735534717324894
0.8847477217081614
0.11936202338684665
0.027416554798826542
0.2136578996414793
0.6892222765641609
0.14787805797445253
0.9149170725005042
0.6619818647608935
0.24599019505261954
0.9846028218372402
0.4426197499381055
0.09003781122162247
0.20442839796760537
0.4731763178730257
0.0038966978619479065
0.49979266924896115
0.4054784225847612
0.3839963062584071
0.7998710475143564
0.19659449015480043
0.22708147593609085
0.6794227634718598
0.5334939314693885
0.9759402663112982
0.13149554707233777
0.4180220615818308
0.778402154630303
0.19948719004492346
0.38701204513545323
0.25998024946625065
0.5867342376185262
0.2492472892825084
0.9768372886920413
0.5477721892068217
0.6446350241191272
0.7421753265563121
0.06628385846714635
0.36161772792142144
0.1436611816323022
0.4259865350773768
0.004062342252424774
0.02185738695140005
0.6615580134327441
0.9711808317803015
0.3440518858726753
0.810739461565599
0.8447574819242292
0.8137896200669764
0.14504093141435326
0.511327705543094
0.32734130375846593
0.9659552963725854
0.6298937698197409
0.5145917593860048
0.5550647096742685
0.5796024314171637
0.6747561573289718
0.10673363585358196
0.5684786024083133
0.039185957977298624
0.1475594270867409
0.3128947061436502
0.591493350617126
0.1819792269631908
0.39086675358352635
0.4760771475166902
0.40527337270672525
0.42838552468852753
0.47120458137421317
0.33616172376522213
0.5029308472015541
0.5721071119195824
0.8974712291626252
0.009637222024937896
0.9726474450448606
0.23118564352327603
0.30782335283474915
