0.2966599165601612
0.8975207156706444
0.7878906255896035
0.7261772361963115
0.782588475921983
0.3123409836683104
0.1458768010744238
0.6176968553574725
0.6226142495562851
0.610257425458484
0.37750257428854406
0.3240310727008712
0.3188567636502415
0.27594073524399043
0.6113147307318123
0.26223550050209665
0.7883507951563755
0.04560249310834141
0.1546010517287002
0.9818865947516899
0.23714089834720503
0.41176244411791013
0.5959186289954288
0.6296497832173792
0.19485337061606844
0.8702152826896642
0.4673322416970409
0.05517639400481
0.36268228836055116
0.9363549889058128
0.48503909183211236
0.2986287231554048
0.61420293941731
0.6143507393599432
0.4839011388665132
0.12758642152180577
0.596979417048273
0.15076693916125114
0.8841916708368791
0.07792021531473428
0.4376751121281178
0.2472087770337888
0.37031545269893695
0.285698716768152
0.5394539523989288
0.5302346559272177
0.8259976723768419
0.003911247973579224
0.3677231863916194
0.2317521918534431
0.7350799638998928
0.8919139840171562
0.13478941172431574
0.36678504466846745
0.600579371498154
0.07097420082091109
0.7389858442465277
0.4656083891960472
0.28948313943869763
0.841639716819333
0.5703016483432068
0.7367280558010023
0.3884578284804745
0.7242237054422487
0.902561144326141
0.21314996777643067
0.6806922609679327
0.7531740475238003
0.36769699898748964
0.19269024092083947
0.5123380264669618
0.057592517972457784
0.6981877151783324
0.3177468805153864
0.684681467110823
0.23683582626220012
0.3274306414740211
0.4925048886476602
0.4415156807225175
0.5673156109522183
0.04130600102720429
0.9970610293693409
0.7572677853309001
0.6410729193957801
0.24833030018810787
0.36927929432648693
0.6652753700512049
0.4746580839923349
0.11749686823440436
0.42771242095963413
0.34927031726307917
0.22069950962322604
0.5398396750564411
0.6778042659079433
0.9753659094723132
0.016839982805311546
0.7364899314396778
0.907195312592642
0.7680032832892605
0.045961749299970434
0.17010524190225895
0.3680979830960927
0.14553878417089816
0.9541632196697738
0.4677175245524423
0.46793341496698015
0.15393658772875396
0.5104547642334583
0.4991290622090401
0.22722999257386445
0.07984639192510277
0.6064159103968763
0.977595237682547
0.7631547546481792
0.7621357932740678
0.7285377956489025
0.8379374505861592
0.3099649375657819
0.9837908056073896
0.4012097652294968
