23.937026500701904
25.086050510406494
27.50979518890381
28.671616077423096
28.76577639579773
29.72750687599182
30.652080535888672
30.853421688079834
31.458935260772705
31.52183175086975
31.765315771102905
32.49898338317871
35.38146758079529
36.12175416946411
37.77399158477783
39.13961720466614
30.141675233840942
26.99232578277588
25.08244228363037
32.38789463043213
28.328176736831665
28.557711601257324
29.689897537231445
29.789412021636963
32.807716608047485
39.046530961990356
31.458739042282104
38.912145376205444
38.583404302597046
32.76976251602173
36.82117962837219
37.68773865699768
25.63598608970642
31.60664677619934
34.52290916442871
30.287967205047607
31.712188720703125
28.05950379371643
37.816837310791016
33.64949417114258
34.80343151092529
29.43555450439453
31.793176651000977
32.65632700920105
34.40651535987854
33.11431264877319
31.00676727294922
36.84616804122925
27.05517578125
36.137635946273804
29.8000431060791
31.126302003860474
30.09602379798889
25.89965796470642
26.82140588760376
30.645851373672485
36.32432770729065
37.03219532966614
31.19035577774048
31.397104501724243
27.06817388534546
32.93751502037048
34.5837185382843
29.61687445640564
31.427292108535767
27.537817239761353
35.571773529052734
32.545868158340454
30.65652847290039
30.149815320968628
31.892848253250122
32.02186465263367
29.45493984222412
34.45112609863281
31.397205114364624
37.995893716812134
31.614967823028564
40.58236050605774
29.697869062423706
39.83265519142151
31.723371982574463
27.766753435134888
29.348829984664917
32.196003913879395
28.628348350524902
35.53520059585571
27.94435739517212
25.04941153526306
34.66035437583923
36.558451414108276
29.61859369277954
37.3248016834259
37.487444162368774
28.25969958305359
31.29497742652893
32.388317584991455
36.02642822265625
25.01971197128296
29.231184244155884
28.693028211593628
30.506954193115234
31.445997714996338
28.594288110733032
32.889559745788574
31.707555532455444
30.132161140441895
27.686344623565674
29.36373472213745
28.01103377342224
25.861968994140625
27.606338024139404
25.30941367149353
24.616111516952515
27.066447734832764
26.987222909927368
26.04430842399597
26.91316318511963
23.3322114944458
18.29883599281311
23.035823822021484
