0.00011884561620179035
0.36688503866249356
0.34255922687972595
0.25832113173261906
0.18120442093717126
0.5051760388670573
0.1311350297393452
0.38615745784521427
0.07647092198342453
0.05572383189303398
0.010844060677867917
0.045493177292338594
0.5568893872248915
0.9201548823468271
0.8002875860629
0.535865006499991
0.05781251910617424
0.4579141618448131
0.6752184444414715
0.5139429039366935
0.020213356787209147
0.6809609355994473
0.6684589188909302
0.3478128357648149
0.2916827848535384
0.2012978378260919
0.022850001687582427
0.3373845452006614
0.724437259209509
0.0147928923242866
6.087323865200389e-06
0.3933053326052044
0.4602024855661555
0.09830720179602426
0.9723891681083123
0.0010041918483756351
0.03609449718544644
0.7339399598484517
0.10602336381138011
0.8061268358294529
0.1699138895650545
0.3042508650068502
0.12974997440075153
0.5109890240857109
0.31340782248380084
0.3937597177498122
0.6159865696814499
0.04797192823183738
0.7328633090429313
0.6081695987429174
0.7668230868623249
7.786384791264034e-05
0.45143324468202395
0.03460086724247047
0.9529272157985387
0.9721288261856751
0.8541932767792256
0.876630492902013
0.4711565834718259
0.04921397177250397
0.9361742820204689
0.13746425796401632
0.30197870649966707
0.16261745888119505
0.40209775502313194
0.7878227080940621
0.034099488380882725
0.19497197006659572
0.2942523702993931
0.1384163835467112
0.7354952721882742
0.12449989693668306
0.6992205171802316
0.10711294198607169
0.1463411514486046
0.9569869485242875
0.18374891455823641
0.3321373698710808
0.6706479661479978
0.10125842762512649
0.7279851517279998
0.8642293282604617
0.07663899739886004
0.8220304914954997
0.43708581753316067
0.7742453280019087
0.11496184657122543
0.5907129334800776
0.8890964217637566
0.8841624454737893
0.004923235853499186
0.0043062148184001
0.6159768085884539
0.35674402523242676
0.4841311484518066
0.039400071155555105
0.7874386151462609
0.358319656374155
0.9163257428553288
0.6933145474757849
0.20996565801111333
0.09089755700218305
0.12592297862905522
0.4935250285720665
0.18812032058232164
0.9927345061285358
7.331372326158103e-05
0.5703066205597362
0.6084993534637321
0.7284763533600891
0.13319024191040896
0.5781177974786551
0.9791522676074115
0.08404798209120234
0.4953244967192538
0.8000876167729762
0.00382464436408414
0.46004153110057744
0.16809931776419385
0.7325331315306767
