0.00012206050260554768
0.2986748529938905
0.06992030955923023
0.1336816475933067
0.7948907906724254
0.23838030495352153
0.06026458097576182
0.24925897451057222
0.35083494085083156
0.147059973233707
0.24486332668865907
0.09747111084335547
0.30964329880090613
0.6768817137280893
0.09512023622371357
0.07275825501668742
0.3299034087132425
0.8150934707109656
0.1397585719799146
0.2974651584048581
0.4592635889885046
0.6448209663501578
0.05413529592821442
0.01594621916270822
0.7778201083097047
0.07792200933171478
0.13433924171771516
0.015023873060537207
0.02602282033372516
0.4489059345786415
0.5993317218439616
0.5784825330149965
0.0536608848057154
0.16135073084929363
0.5664987774956449
0.00024143668447740296
0.21104470370891426
0.010570416438288932
0.2409423536345361
0.08884810142478683
0.039219962897059535
0.17399347109503993
0.3075772891224482
0.011009464962080662
0.3412837065534164
0.0004405983943347458
0.1928450637177168
0.06933583361982265
0.3575476314407178
0.31171010451071646
0.048050351946094416
0.31196983379279275
0.5122106322859142
0.02064229715935406
0.3322709423492606
0.06216984211180221
0.22463017349730127
0.1952787265263054
0.3002589806885403
0.5141100270618675
0.376567937889843
0.25595209547889897
0.012926258094847043
0.11883789234383046
0.6883500425682589
0.10558009163332693
0.21523363702676698
0.22125759320678617
0.36944214436191913
0.044714433485298466
0.21792958065614187
0.14780539848042795
0.6259750500115875
0.15528957812566446
0.024728576475956165
0.0030693148476430565
0.08785694431503055
0.5585571642199838
0.008424904466136196
0.17490220330602768
0.25322980248219995
0.0366394289708063
0.10811720648792544
0.14448180220506623
0.5553469393637305
0.010073432006112215
0.38464397635866665
0.44465466573086854
0.4804457470031773
0.05527602646830898
0.27360244722476645
0.2659229008403674
0.19297913155911361
0.7453789982057251
0.7552274811094324
0.41466270065922295
0.11687093400172555
0.19126214620459092
0.5869384391810185
0.19938603992561243
0.6271115119851294
0.25675020582414043
0.5497089178369625
0.07368015849830867
0.4878395751850595
0.21472767766078046
0.07494764580861202
0.24214645705518278
0.0049379789747499014
0.3177554423593256
0.19830885438952617
0.6874207791926062
0.15920126581593796
0.48851594511007645
0.1966034338715419
0.5405536406364468
0.0007372482945844361
0.10353383585280551
0.1392441324547904
0.1549910177188627
