0.2170946553723365
0.7017244868885956
0.003681358162284212
0.6667200859480442
0.6518152255543871
0.15577726015344437
0.18725986595415425
0.1893612090056339
0.14213069910052067
0.9988789089116938
0.9750475716050648
0.16149959156968596
0.7842508711892158
0.34972084554433236
0.3663773742864571
0.047122319878223386
0.663279531604059
0.23636352730029675
0.9509681573670792
0.641864383192181
0.3451480212401178
0.8759772035808004
0.05036511538108246
0.8859077682862893
0.42094459865529976
0.34264681178043976
0.8249565874177324
0.6339136448866065
0.8263474841859082
0.9596562284390571
0.7123145028012539
0.6149852437131187
0.008332022520895764
0.3765143827785123
0.14948439765612434
0.2608292206713862
0.7087349859078456
0.45942975347558
0.21298803574849354
0.6561503663032683
0.5674905857549102
0.13712909745976143
0.8126865579269889
0.07450052041011307
0.6638289715316745
0.22769231225687922
0.3771503363452284
0.07770503073359702
0.08327689391181974
0.6723017794707143
0.8203802574877844
0.8408985593651457
0.9198696783770037
0.505086784744249
0.9668887238001123
0.01629043121906534
0.5570551457015103
0.24294732992431878
0.34790663133375843
0.5416546839865293
0.06503291722458648
0.9889863451084586
0.7394286401198491
0.9777226078647371
0.25109360897349375
0.7189702988314338
0.8849406168595797
0.8433921539365481
0.7320379154762404
0.48067782283499283
0.6128302008306494
0.18294650814206653
0.1612607562682702
0.5921186819620323
0.7396416878376602
0.8657401322530415
0.635829663443052
0.17441786278065588
0.898663909281465
0.8772210169405479
0.32292830630599995
0.3952729635384664
0.6851720781518946
0.07359698828555981
0.03776589567151367
0.8811639653141867
0.9463937984815918
0.10736672114295201
0.5348834542426026
0.1366365073755036
0.9039689232479007
0.16910783124597173
0.7975263618092857
0.22660938539568076
0.7789743071489308
0.4697264936627854
0.012867240680629333
0.8239168543757587
0.48428382617785926
0.6814360623842342
0.5101190264940925
0.18436877258907367
0.7522478535110599
0.512233285368078
0.13612427003427907
0.9216354794277926
0.2772736632138608
0.1474947553053653
0.13013087832999232
0.5736540926359461
0.7459424783058349
0.4971043794223049
0.4556286080613631
0.8508620448490558
0.2112487501465834
0.8035467381420571
0.032414086259335735
0.24666859346077952
0.9046244548211615
0.8421431410323578
