0.5470368938793294
0.7899954484095474
0.1556210273046137
0.06414244544103931
0.21492651254052464
0.48603288485539076
0.5396217605010082
0.05656819433288085
0.49918656100732345
0.31448022238343915
0.5444685166992418
0.15556680339706253
0.04755894417387818
0.22726945120663977
0.8182958570629916
0.18250072434100417
0.17583313043813942
0.12382612671794058
0.13554229214462446
0.531942702986328
0.007133097671631548
0.3123192681911747
0.2678581575442401
0.8492372836377922
0.03341935158761866
0.6546966119936788
0.4064459567293568
0.4183533320231548
0.6435419851155857
0.40643173289514434
0.46341770519514025
0.7270597427613104
0.6087107641391183
0.7908708276207709
0.14488743355195835
0.10805652043292391
0.6439269482955488
0.6506007044818594
0.46278131626783475
0.17425955224200207
0.4825339814619698
0.08338394028701779
0.7995935952971385
0.1201016024322739
0.20643539574619463
0.10623530609591607
0.21901403632109892
0.4952794497902392
0.3673372246851172
0.46182781921286886
0.33218675801570213
0.15119007727005374
0.02664883103412474
0.15267152988240876
0.05575495958040744
0.2100601159928972
0.2611089966833491
0.010183117223973914
0.12389221761268021
0.2953767743263417
0.2742927574538131
0.7767192177741231
0.1825606795531669
0.43075753542532147
0.04041423589196331
0.06814907168848672
0.17298403767607198
0.5507743119292133
0.05583800066718747
0.5780745745364879
0.676400093447403
0.08449141641873208
0.46439250168512314
0.37320638369609177
0.042031133372068694
0.01568143570092387
0.2929660587924577
0.38091073252614954
0.22508325839650944
0.25057457541021577
0.06666045711144569
0.13401267345779272
0.4496667548900657
0.5597606537555192
0.15779885416360276
0.34765800145085257
0.16829371427009224
0.6932654904450182
0.22075355626624318
0.6104757180154442
0.31024909952529
0.02862511799050163
0.12528751368995072
0.17775475970256774
0.5853882225156891
0.7112633685710688
0.10972536188402797
0.030987385075455398
0.10023239830526881
0.0765333917051556
0.6961242521671283
0.4277166886346074
0.4629164360622198
0.6566857263529013
0.18481026550510457
0.6020261317076062
0.68838877834941
0.2350869866018545
0.34063472347732826
0.019659208201024292
0.2574015602169475
0.49748687089556265
0.05429924804399011
0.3325253120554035
0.3438963507238699
0.2012875107544788
0.05946362353500336
0.5139262662093467
0.05516259851458724
0.4843854017635929
