8.505960380489341e-09
9.361640329608178e-07
0.5172359311037285
8.168887788428947e-11
0.12556522407682547
0.08596236994262063
5.360624639738631e-07
2.6450817422363215e-05
0.0003015625193276694
0.0018510186831013353
0.8967056438120111
1.225303414287282e-09
8.177652061291951e-06
0.08522356329135539
0.019378172991453946
6.105162619896021e-08
0.00013328161393744153
0.0035523209181940185
0.007719483701199792
4.2555403645394563e-10
0.6773435262989311
0.021494098610929768
0.3166046450796798
0.09052717469649263
0.9833986052430048
0.7720089611773395
0.0026374313787775883
0.011240096964798996
0.9357402524100088
0.05736880930594124
0.20024182361639728
0.033747639240095495
7.071353677301495e-05
0.02402092198967476
0.0008282315787893069
0.3841620503876342
0.010540487209055094
4.156730737392422e-09
8.881784197001252e-16
5.588249720744898e-07
5.931979158990686e-07
0.4126548168552804
0.012342544105182318
0.0014743098756726525
4.503004627842699e-06
0.4494319356381391
0.033032779382727195
0.07252677880908132
4.465885545479331e-05
0.09488970172018063
0.07744452577783556
0.006506534707444667
0.17891223125932143
9.105383114160759e-12
0.0056630825298389365
0.0030450309967731126
1.8962609260597674e-13
1.0993912891166246e-08
0.010740140415278487
1.2232370671938497e-09
1.2889167466445528e-05
0.007324467633318843
7.08599177166036e-05
0.0049811899587512976
2.5091040356528538e-14
0.15452353495643578
0.04674058538907877
0.046498888180162234
6.83468873385884e-06
0.14311978178465945
0.19638388310467314
0.005014250583557978
0.4027969659486661
0.6857006402919981
0.1942184454384448
6.789790334416068e-07
1.423034215575214e-06
0.0026445142481787975
0.1378111869558023
0.14747825069741527
0.036703984250552324
0.0029960452919268743
2.9810712422584373e-05
2.573609530975851e-05
0.004861132791352807
8.197886813832156e-13
2.4610757876075695e-10
0.004685772113042885
0.000675159559942129
0.13516907863055683
0.017878522864012814
5.735163455256043e-10
0.194225202725002
3.019806626980426e-14
9.16093478919855e-06
8.326364042687828e-09
0.0001964915839236525
4.1184189341070265e-06
0.0028806911044376715
0.007424772738690244
0.15921742289895802
0.0024850134047158523
0.21606179356698485
0.0030358512627344236
0.7809300193244011
0.09759077500031976
0.9478205453612665
0.7619239736516359
2.630942051995433e-06
2.3457213949029665e-10
0.026240504440667722
5.403988367902457e-10
2.5602935365354185e-05
1.3596013204164592e-11
0.26450093109195105
6.95352812947192e-05
0.005079573663832049
0.3229841841461618
0.47078097310385847
0.03231849939016329
