0.4188197788886743
0.8698157727426787
0.2947071226070079
0.3370408845174322
0.30157314211042663
0.23439170701088896
0.47056258903097503
0.4624745370696475
0.4906566037572391
0.22169362358623984
0.3477743751286968
0.7420190623681261
0.49146129992312027
0.6368233943708991
0.6349868842739262
0.2818079405518066
0.3780979433908367
0.8519632478081629
0.7490080322351447
0.9992839778322646
0.9203846361641566
0.5995307851970897
0.8973923454113624
0.8157935797358554
0.5887324198102014
0.13557343392816645
0.2956861620902825
0.8463735914407693
0.23914647170767012
0.28163617517318795
0.6894826142039465
0.9957671547699022
0.19517062999169582
0.34544009448321433
0.6947630157838107
0.20209408215556723
0.33826240280037156
0.11477351834042783
0.6865230535859429
0.4039235848253444
0.024150633396376363
0.40118473553259437
0.787506654248056
0.23730377843150308
0.7864578814168395
0.9649967687987422
0.3572916262600804
0.16154396158843265
0.9952498584194095
0.1520963363348341
0.5251817276718322
0.6608681160726794
0.6551826598178061
0.008002394527266476
0.811064755963969
0.3584880898108752
0.03580981739884572
0.010689616677739272
0.4153463611530739
0.8789368781940397
0.02520523684945188
0.32042903772257114
0.4601488068042583
0.5689809802160402
0.4827036310701411
0.14580051821055418
0.25929086477798596
0.43947875124601365
0.6524789113439278
0.2315867339770743
0.13959380992195977
0.5382011266574442
0.9206260574424121
0.8570761860530658
0.6466221032251405
0.09110688464220185
0.34698873387770585
0.6772691403519725
0.11546635489532407
0.38783206451745983
0.2817466659956471
0.32182534089827086
0.3155123743110969
0.29338607642834663
0.08937317677796819
0.3488169017479707
0.6534272946814317
0.7156932840689204
0.2709508647871669
0.8010734427721349
0.14712580424164234
0.8841099685960042
0.34034777449072817
0.40595940969065253
0.46482796289089223
0.08648418512873901
0.2705167936719579
0.4743936796063597
0.18861524345141234
0.9498267690714188
0.008151329677261065
0.24775809560070838
0.7444652528798026
0.7405709623913705
0.8205988100240799
0.38765800387447974
0.26897982432809786
0.2555882613885041
0.4689969915768059
0.3929755841252629
0.47948382935811296
0.6613862036264775
0.16328057981045108
0.7600072182981237
0.9950614786633624
0.38108905306803
0.039976277387500536
0.8815312526093247
0.04181462597017638
0.8870587023761569
