0.5320321257590814
0.8449140412840648
0.23580586924318414
0.032012392396390525
0.9826150436205676
0.7503516718871625
0.28473777361966146
0.9129946598056404
0.7047056083935653
0.7053702609847052
0.9067413552848732
0.4353462443878431
0.17115731773539003
0.5021583653722068
0.647137477731514
0.9745978428613989
0.5434933780140514
0.8464598232041318
0.07662551844702192
0.007869929202070707
0.2746216436722859
0.8339827671110875
0.6145875650890986
0.5636164843820334
0.6485977764746336
0.389208853601163
0.8015651384619623
0.104575799978598
0.4463326979302764
0.9018857675376577
0.660629426140412
0.4648270856418837
0.9746774568867207
0.3984022915756424
0.1543086768068389
0.6910810481670853
0.7649367976830428
0.7257206360264867
0.7841536119188055
0.006118749352231223
0.5604088977629842
0.2999054050793101
0.9010534919856645
0.10356704294104446
0.5564469783515779
0.5253170190854126
0.4542190334018583
0.25770351839567823
0.1629374495954361
0.14913236652130607
0.8112797163902385
0.8098137017210123
0.9869430400265831
0.07051076275888675
0.1272947431643856
0.23943115796922057
0.2526647352871359
0.05207542956628162
0.1808595225461438
0.2006773961273045
0.06838157490466648
0.5420796703551571
0.8792911717193876
0.03640240578306382
0.11103033697244524
0.29568411422433294
0.7049914737125281
0.18884586248110646
0.530431485441875
0.3141189208922279
0.04228466131260311
0.41382116529233304
0.38972163534773085
0.9213086571161234
0.4071944675511395
0.3502285924983222
0.22404577696037942
0.5328012754951552
0.4398794753810531
0.8579840275911852
0.6958750808380734
0.5940902796027532
0.22091092010171431
0.6763080358065394
0.9297691508415784
0.9656036836764581
0.7440577606757705
0.909493768884791
0.5796337326935277
0.9527593793854173
0.5995464792069681
0.03605747277016385
0.26032728179694686
0.8003291337382836
0.4567282741534917
0.9538412223748058
0.938959696230414
0.34129869448251093
0.9285843137055317
0.7289727981825749
0.27535005673417734
0.9753441103303268
0.4545839846335362
0.9237774056060011
0.10779819063194282
0.3589803547456447
0.012555062459283839
0.1327659000836927
0.9537878268584512
0.38438362700968853
0.25565341011633147
0.38623132965166995
0.2735189781845826
0.41316166206719407
0.19349473248986748
0.44395752780336784
0.8945765748445993
0.6150128055424917
0.6864863116267226
0.8235725835288459
