0.7357164899873628
0.1737018783216311
0.024167623265957117
0.3960316863068358
0.16955244214509357
0.9739144149583763
0.3633696351010127
0.04508228160459493
0.10779538355789864
0.960710097229575
0.5275364744043634
0.47532540057440537
0.31340952896193286
0.45028675056146117
0.8578029495957156
0.04825306002894636
0.06478823342265372
0.5680467860481244
0.06021409964544411
0.062300752408944456
0.6215124016662099
0.5293608680894974
0.47509312199498366
0.9644578424822763
0.3993853395020856
0.2603719409701873
0.1191504553380156
0.5280852096426257
0.2478600168846934
0.4169827834883173
0.05559074291129881
0.6417149727847344
0.8226660824947487
0.4136141128814033
0.2906656036741311
0.0371538217044199
0.5720520646390042
0.9585328190854103
0.852990473177922
0.07078727369417093
0.38626017523379097
0.6263917150955343
0.9640583899843378
0.29606675290251094
0.30303331635036324
0.2963048923163046
0.9448369784780112
0.8136640433942752
0.35809738507327954
0.6248258669738922
0.27622543117847714
0.906437035530378
0.03994551271635083
0.8802247329011446
0.8335276537143897
0.3813696226302994
0.311127595624777
0.6675893838367153
0.40135308699182737
0.7334202672387553
0.5428812593053091
0.46408324585735033
0.7603479179675525
0.5783352114587338
0.5152055171672074
0.5091098664710103
0.723210656098023
0.18313130182768544
0.48555657448381995
0.04746357348544053
0.5004821083351066
0.5479568180147538
0.0937798388505815
0.1975407546120891
0.29427103901359897
0.4615610919679456
0.29411129591043705
0.7982334708420613
0.5946072327623302
0.12646845552046562
0.7012001430693072
0.8573041998480073
0.8472476212756157
0.04766406933460226
0.25140703304992273
0.15612175521957616
0.5980972077824205
0.34260638724937476
0.10818162374473439
0.012268590118952316
0.40638210480072234
0.8310463096733789
0.4687368985166047
0.37027767294791325
0.47894500379829785
0.4199307268846302
0.9019664700450182
0.8588075778640509
0.3701796645856267
0.3973460350765934
0.9241316428484516
0.658657757311204
0.3532373698822995
0.8713507752725882
0.45811262326538005
0.5861031322470279
0.029047125972774923
0.24677807853782485
0.24469178703132471
0.1328565419068588
0.5874846899713122
0.827896728237873
0.19378225336172397
0.15559598629246196
0.1667470518582571
0.9385388227101339
0.8642704866657736
0.6125635541600936
0.25960977910710004
0.33615048085626564