0.2476282078346581
0.06391175999935728
0.4531854477749097
0.022060576815036814
2.3711469208986813e-05
0.9914224965856246
0.5324756134371467
0.04845464494405172
0.4473691585033271
0.0016696358252610288
0.05497030892709076
0.0011546869887795186
3.8939718116637323e-10
0.10401833675758265
0.009336605803260857
0.4106519337955844
0.38456758271142366
6.587725466355998e-05
0.0065737839004247345
0.003580923778526701
0.49724849713834884
0.317658342207598
0.1807703324486003
0.7968512891368256
0.8070088190365066
0.0219247252905741
0.9655699253293781
0.0898714880751521
0.0009621775106520847
0.00037921071872815126
0.0038731195688543885
0.210121831814309
0.9002821368788538
0.4957339226830024
0.0997027997265405
0.014303354920831568
0.23347552923276838
0.9369597966173598
0.44092025564758514
0.0005057288538041771
0.01590066183516936
0.019588153365785788
0.19134692076648227
0.0028878607144766644
7.851889868293327e-06
0.7351881143611265
0.9856748048171927
0.6007812755359698
0.011760345940154737
0.2742492791983058
0.3581116933036974
0.15038673219590293
0.1701814443420948
0.590948069129325
0.4954017908588164
6.8468682208333576e-06
0.38969047761140513
0.024678588908270127
0.00016543034903593323
0.8021610942899369
0.8882039836907649
1.3080425431688525e-07
0.48435487363626306
0.02116034838777492
0.07890360052890566
0.25452657834011205
0.0321975029695325
0.040727357917211826
0.5547252699926355
0.00205375152412568
0.4180931446212688
0.8048509244283393
0.05076246032629417
0.0003265067701021529
0.07115790363746977
0.8750288237779192
7.700224349260765e-07
0.44970994203969394
0.1846796694286701
0.40709877156384106
0.012565269692197178
0.1017672855846441
0.5215503886555564
0.7455404614650516
0.0002580897810553484
0.001282284849142945
0.008805273441802708
0.01772493287446042
0.6136683560366583
0.003194620768433021
0.07891079515588073
0.0231649304017969
0.884600764480572
1.982113451148848e-08
0.0075887754035659505
0.18739215982907612
0.005435811818902847
0.9219795642698629
0.2887615126988654
0.7458389154467979
0.014830177855421178
0.028330203056457393
0.3119849457662951
0.14538795469962626
0.06602811332022568
0.05745027456617868
0.08816869134957472
0.014131125944860212
0.007812320637360495
0.5702382272424613
0.2362596987053882
0.3040657832594118
6.339675910305154e-05
0.9512131472188246
0.1632786905240474
0.24755657937746656
5.706827210860688e-05
9.821260160691736e-08
0.21082357140219843
0.17308080324180475
0.0005261272014425167
0.22502758127736297
0.45003200004836574
0.4277257677540065
0.06493131934158325
0.03739122991723187
0.07142392035102674
0.10525558251551503
0.6756751828498928
0.0313151107374694
0.11594822665655787
0.09251645050285084
0.18164363353304405
0.2457436510579185
0.001111293304410843
0.6240848790572986
0.6729984778680405
0.0010543136349847604
0.1315351026870799
0.10846922192907393
0.1467356953531842
0.44046042307904226
0.020337493948834995
0.7524038819253949
0.24993892129948997
0.0001170579038916042
0.9347590517514577
0.9036800207466318
0.018998208751141554
0.30341716397614205
0.5634922360863983
0.7649651254236153
0.002746131809612695
0.9151554497612167
0.5723706767678329
0.04903302887131167
0.014118822624161531
0.5447912689965237
0.7352669278887183
0.0018650750384003878
0.25411551574363433
0.22759049860559857
0.00020077277884111844
0.17526981431477462
0.4272485420104506
0.6413099029384797
0.2451708362533782
0.3939752525302558
1.991120471833696e-06
0.08756161459604916
0.40986290619538157
0.10863205813342837
0.38040633996759743
0.65003313073879
0.46799294285679605
0.04466188228317303
0.7850184974626714
0.10964344611034327
0.34203785359577554
0.9575844342378147
0.027363027773787296
0.049001956843778505
0.6937626174506071
0.20821245735011584
0.004135063015685114
0.13552058366686937
0.4769189490694508
0.17566016919123184
0.11447729392129835
0.09818428122012196
0.5652873369543676
0.7507874873516264
0.19761179516919802
0.006699393681492527
0.7038071615782608
1.673296856630202e-08
0.6858997186495293
0.011184413660265236
0.45348172216296845
0.0009136588395342038
0.12615537597181792
0.3662044792627268
0.6737786397954777
0.26528236511736936
0.9185710666680706
0.06855847451314845
0.20637038534734212
0.0795666447777792
0.0007433940676508932
0.04807872263253876
0.6730259253240116
0.0037885166923423697
0.007184798594546349
0.007765007045135386
0.05555134028042663
0.22259520126566223
0.64059876132381
0.22094321570089193
0.03688932318808025
0.9578978354009455
0.0013700696507539245
0.05741736096968464
0.26485534293714
0.3698097613129723
0.27684570350910187
0.7439802882444899
0.5857907615027229
0.026620734096710175
0.5829174786424816
0.4448312769663596
0.005661406802627278
0.004925774417967155
0.3496237076601453
0.4427421696493784
0.7141697046398563
0.1985721774281555
0.7804411576444872
0.4514034570869305
0.7917337862531899
0.369352833728102
