0.40026390896765407
0.1316644499800274
0.16162561853369817
0.24799662465611638
0.6478273805957637
0.7161282384568317
0.8722799150314124
0.7042346897476544
0.6394820104227794
0.5307202837850356
0.4076529168272064
0.3524928406564616
0.7986850995164478
0.246347414652065
0.4649950002442915
0.32811626191194043
0.2299745657724851
0.4342580187093562
0.12583249317049683
0.45572432070582525
0.8007783808371822
0.6460669094226106
0.9676827257828976
0.3806527771517853
0.8247165758959827
0.17892248274069633
0.08471014865813098
0.020051477644453142
0.9937472327520973
0.07438273320661004
0.16338959767571848
0.32181627866846507
0.32656709625930347
0.5802079391201764
0.5642555338553248
0.3721161104584061
0.8139378254293987
0.4133652749440557
0.8809843629203473
0.47979045416758315
0.8079226798684316
0.9004102712599311
0.6529060796805916
0.6061809842054613
0.09916459909876324
0.9715400302140301
0.19353148586156732
0.7149770504582711
0.3273067178151676
0.8814744461313826
0.44611074096085573
0.02821079217236866
0.08709785927982855
0.671138572767856
0.11842795727631275
0.6811974506224195
0.4600683114434847
0.3247331650072889
0.9939554424618433
0.0037141274714380668
0.336197253213526
0.31745940733616185
0.886869293407637
0.2098559081625171
0.20177611731070555
0.5520121239836799
0.12052315198050297
0.4633499043696181
0.31008193618564817
0.013711653477988195
0.20917440855266567
0.6815421388859529
0.0479576303410969
0.14026370370989022
0.6509333195721647
0.6183883815247829
0.1992361881082254
0.7445967954513977
0.19707758772610706
0.5996083411956245
0.4473668400854436
0.5181671491695634
0.24035664287519964
0.8492624392811335
0.7994024839261704
0.5916942561823428
0.24634041814562685
0.12490997184913044
0.47524966261023677
0.6345769160793189
0.7611440582318918
0.046953997068773345
0.5243568654284751
0.4394650957210384
0.35004401840919575
0.30406833995755567
0.5420643675323382
0.2100636367470745
0.3379902296257637
0.08513232809524318
0.5178574541019622
0.38230575249515353
0.9561264636561287
0.3772524120956835
0.15435012389331204
0.006745761979308984
0.8407815750181677
0.06381942356438275
0.0461555609459845
0.248821263878781
0.10991651422523474
0.3416676689898204
0.003258777903131227
0.8487458443008065
0.08553236792196262
0.17600064295735507
0.6923928277631353
0.8090783559534094
0.0060044825298462
0.8922755932686665
