0.9363702797766082
0.8955949185521113
0.1912220046033285
0.7627198841267246
0.7636103157406234
0.8787606292232176
0.3600898455152297
0.8496264087336697
0.16191127730766866
0.08847274337656219
0.44866362945941846
0.4136820103922798
0.9349287334074672
0.20166271389419657
0.7693697293699243
0.9843668401346044
0.2728706066160936
0.8136310389300236
0.9810398407550958
0.2880556336996565
0.10266636305636778
0.9513497245977922
0.7899933707750362
0.204662786827678
0.8170748744390599
0.6661241570573564
0.576012273974684
0.48220856584172056
0.6941346047328124
0.6037422286813832
0.8503093026615738
0.6830381725719041
0.3993399976582326
0.636303133990039
0.5947007169471492
0.7961592772176911
0.31141483995643965
0.9502539228738527
0.568715393994633
0.9240610471132464
0.8389178977701556
0.684066719121976
0.07340691369779537
0.451956550461368
0.3327699560593682
0.8816740740138044
0.1881693646742275
0.12249574551542786
0.03699322139247485
0.5425907027220687
0.028683944881731847
0.7262222463203769
0.2959733678568807
0.2259578702094407
0.6527398970276217
0.9779762050310346
0.6837599944452675
0.409903602351152
0.9403495477293422
0.20187493067426998
0.6528021514722764
0.7344621296887648
0.3581632510609174
0.17566866207001253
0.7053364313221145
0.5305516885656709
0.8329540044465229
0.9043070812320443
0.051764912784639176
0.34516946907994006
0.09575454413729734
0.8151543619679475
0.7700876590370319
0.8980364723525958
0.7091083873280399
0.4898549479504426
0.4089960965835418
0.8744898185240377
0.2859473966424626
0.946170067845745
0.10575217276976923
0.5779425215475149
0.07878708846340654
0.19472778114070732
0.726278759681598
0.7468915924923489
0.6696247999244679
0.5503848188021959
0.33370192349237693
0.09272150977042992
0.09479636770109945
0.0945469500930134
0.8343281855305014
0.2716883289346461
0.4959733958603418
0.33268891129997424
0.8402983794715847
0.12725406069199052
0.500941708254935
0.4393924373692222
0.01796052021235605
0.1864609749182673
0.39418048878504597
0.21566809167526912
0.5342729965682542
0.22513401265047056
0.14091112034423814
0.014408727511057028
0.3081799628063128
0.03519670545432822
0.4143185614099678
0.6213538966601841
0.9298856830550382
0.018121072808709195
0.6074596852440082
0.706515188034365
0.23611210141308758
0.7646756654992959
0.7343165348416583
0.7798713969177666
