0.031566789275890184
0.024076276119806783
0.00033389681676387895
0.5819610596531688
0.020919174059889967
0.08375114098915049
1.8203903195068705e-05
0.3197034574160702
0.02757904648904841
0.8059902100798174
0.06376901111838795
0.7477367598087743
0.11233758212930023
0.0011573145491341474
0.058836351336998716
0.006424621746296877
0.2866121043141814
0.08103230391492344
0.021706073228712208
0.8968043530610468
0.7473953744279429
0.03918015234684158
0.005296301743027199
9.159489402499332e-07
0.11441830496169514
0.07329609257426228
0.16092140628797558
0.0016468695447733328
0.026974100263467582
0.042101011827678336
0.04843812326604735
0.004353364882604183
0.000321933296506538
0.001749486392540467
0.00036395565512625794
0.022598497689388708
0.2155160897757875
0.1539885749224188
0.36780823968710524
0.0010859909129075085
0.0040539365539240535
0.10262125003006672
0.00968089758422197
0.6185699760856906
0.3139262543469403
0.06519654364315697
0.022629604567324213
0.0033810883205214193
0.022974716137620144
0.06554053998491627
0.5939148621210104
0.002025832483906198
0.0022070038916224277
0.5663113904088448
0.0068218648718878505
0.05470555890134787
0.1717744963063219
0.002458179034877439
0.06166859874594954
0.5260165256634102
0.05645528723378379
0.008126857087554118
0.20924400783904185
0.7203035719124657
0.17023056061733732
0.0011415933250051857
0.48982967659299237
0.19338450901658977
0.4469932708373814
0.045065707412782485
0.10222855108515838
0.042386804180190696
0.0003816888782570693
0.3067325389699236
0.7058477571126045
0.6284134826316938
0.3664585196188834
0.25238054437517343
0.024195958389565675
0.08499376341904918
0.0027259755556587884
0.0013229184311498443
0.0010730417589448482
0.17494775566539134
0.04386989767007554
0.002906229664044524
0.23352862589284995
0.022929270921891343
0.12043145437764347
0.006530198965312595
0.2822602715897864
0.6508886158293897
0.011912802608105899
0.2186487919325366
0.006747878116895478
0.012475438893368107
0.010918990452832622
0.03605287879825614
0.630945493331684
0.6337642802197105
0.1116842137223002
0.3744334363553916
0.8195854646316499
0.02632518458800659
0.00042135088202965854
0.0026900944823262662
0.18063497528523698
0.044839004808569616
0.8900787794882234
0.03562220878171307
0.33871380575458176
0.5917837713680387
4.198951980938226e-05
0.0011795808743022551
0.002471447254866588
0.03746659475469771
0.0073487999629504586
0.024007675283507446
0.28687653841065375
0.014808043977552199
