0.6251576297596753
0.9880018144141778
0.41648689437257125
0.9118675457822305
0.7404851613596796
0.12276820193476656
0.6078404817266441
0.9647509668255274
0.48226308939195417
0.557740846483463
0.9246295399123108
0.880350024015073
0.14274324863070742
0.4792570191288499
0.8549915541469034
0.18194928060038662
0.8712840112079815
0.17846129936783645
0.4708413644336714
0.24025364989955766
0.22314037413495713
0.9597831659356569
0.8072660679881005
0.5847936364165395
0.7208845183559986
0.6222216842727595
0.9668821481883589
0.12484534985907607
0.8165471592522484
0.7467938309115799
0.3629833956768679
0.9361432637122105
0.26476349897256396
0.545324658783029
0.6079531281139712
0.13860338679011722
0.5797803643799739
0.06031088180050386
0.23326160806111607
0.41175053497345426
0.27734925235138275
0.8661743840462277
0.16566268964299413
0.9993506759802755
0.3925587166146094
0.43617515156624925
0.22077146879455833
0.8191488073881601
0.8111180367780653
0.9363779690575187
0.2051363867046041
0.4914184706468423
0.5155208638203594
0.08246822521675766
0.7501938972173535
0.4506881682145327
0.050268618790525355
0.7052968510541116
0.3650966259448231
0.02655140836228198
0.3060335038987301
0.7923611795739299
0.7241564856143571
0.16836280774244217
0.06722252930103623
0.6891204996038645
0.12696551656638816
0.9596216927639213
0.9416489673317031
0.5168150933859186
0.49689886083624235
0.39644464106066635
0.6161867188957881
0.5856200248352184
0.3339145570071955
0.4396469990356018
0.18621472630239036
0.5316560627753657
0.5090408319650077
0.5106662309768943
0.7757679036067672
0.6442193337929106
0.3626653147493284
0.940469309455159
0.3701915205848185
0.5065927667485932
0.010479780053899648
0.034355369146124436
0.5011917731676646
0.5438689524270736
0.7954807766510144
0.43145241463967954
0.3507893285959077
0.9970426149117811
0.5751730321150207
0.010073207613509938
0.7203588818395162
0.6736936130589225
0.1491914355459778
0.39529770630871086
0.8800010348209303
0.3291960020851181
0.8282416907337735
0.5147337590489817
0.584162284704679
0.41622348221076066
0.9323381550247777
0.15508381492771878
0.05723442065127893
0.5182871346793023
0.37902762951413616
0.7395146404422124
0.487076096484511
0.22395522883166585
0.9287255383531909
0.04201604856097552
0.44458361708009697
0.557217394990484
0.07742140342413174
0.5010924099504008
