0.43515028150143725
0.7300806646558349
0.03873049909873916
0.7353348836560092
0.11364073655918006
0.6849088459840185
0.16780695740769347
0.440855947684899
0.7086281688207163
0.9208875862811992
0.05214216439239516
0.7866292394294341
0.9027927945851802
0.8367455169131548
0.6006328746767136
0.8509097171553841
0.17770289500177383
0.14902482126917094
0.9886031834727624
0.6633266370057356
0.37469121978211956
0.02141423183510338
0.7816792978810345
0.26288982151087364
0.08841848093297333
0.3919016133050901
0.6745909255436602
0.2677869012660625
0.3298065608895544
0.750052301767919
0.751896640246486
0.7843625081042417
0.23612165967252455
0.47033685020315974
0.37371230900742525
0.9730261621425973
0.5468583111254535
0.38224159165575766
0.2523528074172983
0.6509462967550403
0.8394642560692093
0.1426983303663958
0.8486966842638055
0.28253356510724625
0.7691639884873398
0.16420052814595465
0.23560118357934812
0.3726298428771888
0.1621502564072128
0.6523632737691589
0.982708050435634
0.5988064165363263
0.892653731512715
0.32681469347839176
0.9660447240261782
0.9857621420488818
0.38830715846561703
0.9253810085953584
0.43962394102182856
0.9100029897733708
0.806883341846223
0.9827563414165504
0.6024364940969604
0.49877280846156163
0.525958177780042
0.44106347294488396
0.8860308429795956
0.5295796230075762
0.14114947919188542
0.6745823292086826
0.9363574951014353
0.3746459146528585
0.14108900058147084
0.03625182957298109
0.7304384473380242
0.8205871917706307
0.19014668376739285
0.3716399938216722
0.2145810035616824
0.13252530235182647
0.45701416420429947
0.7319125742708836
0.5090033049361067
0.47788406160116237
0.2552075454419609
0.980230983662612
0.5251996614886518
0.6706310673070552
0.7492645166020826
0.7070386503192134
0.4748982835933744
0.6538287769855229
0.7857063062374536
0.03147495520547783
0.19176018118860078
0.7540808205313492
0.8870894293400917
0.97532785013962
0.2783516097108796
0.07210289766010436
0.1455300751036175
0.42621272867702187
0.0027424964636886496
0.6755865072762857
0.910981929428347
0.4088334681836254
0.10254693239739021
0.027022284225306503
0.5393247208211653
0.3258188629363863
0.906311497664969
0.3785422387977311
0.39388961702294867
0.38741781918454077
0.8775308226380714
0.19315082385315718
0.5647373449943168
0.40371959333608154
0.030517306659323565
0.46911354488721674
