0.05291611496416415
0.3965892622170002
9.26794882261106e-06
0.0029392220032444794
0.0002410951662747962
0.006366485929778065
0.17549376555129573
0.002892554407233794
0.09804236638604213
0.8124745908723385
0.32067602274059653
8.18921132017536e-07
0.000706029111112727
0.7532745919261687
0.001768117468295305
0.002478441594144807
1.2670038782580662e-06
0.18349908834109394
0.754954424225575
0.16787522281365097
0.01195666783720073
7.830038217804258e-08
0.15556059329625496
0.0001554926378053434
0.008950779869008718
0.030921789705152802
1.056932319443149e-13
0.03535347040488623
0.36298782333851687
0.65412664216479
0.025318279647734476
0.5969367284841934
5.0644155535906066e-11
2.7778415789825317e-08
0.42595795889273314
1.5733411511398288e-05
8.474494132792998e-05
0.7976982622012623
0.14408067725402618
0.40989375448930265
2.194879833439245e-10
0.0010908070866784136
9.564547991391947e-07
0.23875926070868214
2.4536356530990844e-06
0.8879862418127049
0.0018611247065725145
0.026983429378269586
0.5447154191256731
1.5644818773807856e-11
0.0244238454318082
0.3523823616782096
1.6806633884591804e-07
0.22003056962999235
0.16478956765807196
0.5845791263935478
0.2524017539312113
0.006016232370548158
0.01356573189906407
1.6038468553247753e-08
0.00011667657080849381
2.788316519897194e-07
0.827966711023278
5.359484113176549e-06
0.04367706006663119
0.6398532604246474
0.012322686112450116
0.12185299692325759
4.142020060271534e-12
0.42898213888635145
0.00649789761903501
3.973331806328417e-05
0.01747097322186364
0.15948191407915147
1.4680136160016843e-05
1.406288471494932e-05
0.002313865603519316
0.4472724972360427
0.9775066038334197
0.8610078313219047
9.17121933952103e-11
0.0017570620979636686
0.07769020933314286
0.2606131181159922
9.593866537538354e-05
0.24684715528185697
0.9359765906821856
0.48151170900033696
0.017926877917356476
0.6128803237184524
0.0692581794752476
0.9449993221858848
0.0003404554784554037
0.012575903406426114
0.20306764346304051
2.104649353018573e-06
0.0008676140413685918
0.4821407360595218
0.00046956079636983894
0.5008277065522747
0.008835041784154285
0.019066384760646704
0.6365675769697778
0.02917269581424664
0.010402550406451327
0.035975712916126
0.00017225028900447192
0.11489929472401772
4.494648461372819e-05
0.1688043515081461
0.2607741044247913
0.3485124663627104
0.24121982670577813
0.0010550818041790144
0.29876212208550634
0.15948484419893916
0.500498272899722
0.07558565468532441
0.009199234846236859
0.002138122117085972
0.06018222549281682
0.06390339903022957
0.2989373694007369
0.4114181824272134
0.21296731855509776
0.8150480663116682
0.9452910727589339
0.3883591449051158
0.6787144105445999
0.6766687480571534
0.0763146397796548
2.220446049250313e-16
0.6271030265452429
0.11736979111594326
0.08238153053193242
0.23183685224376438
0.8817674103745343
0.12767279220403016
0.011054926735691417
0.4610515561838126
0.20684864424002036
0.04849450996131499
0.26113371519546047
0.6303240455701931
0.5668263986479094
0.3061417547328398
0.00560537725791721
0.0018582135313436332
0.9384103248843267
0.7138902471126187
0.19163011384025697
0.8275244478023183
0.3164755631535324
0.19135171435403064
0.36404404764521936
0.006155139063724668
0.9776989252914949
0.0024580084369731914
0.7974322373110081
0.28919995706446544
0.5867250766145228
0.31786040224326495
0.11724516127901863
0.18355371454395542
0.007264607548238322
0.0932034414378593
0.001846579609283694
0.5365590245587797
0.4616409247589659
0.10217206142511759
0.7909473635885101
0.1230110204925654
0.0026365291420984427
0.00012548697155212452
0.6604482051947539
0.06242379906735063
0.1143040582716659
0.6250828508426645
0.0025396673769988443
0.38602959102676454
0.02404086149126239
9.68519512589694e-07
8.638563606222505e-06
0.6195764531645058
0.0422575995577843
0.00924487516229
0.017789726224975544
0.004099327347428572
0.17361943603700492
0.0010362844318427822
0.1558007184667991
0.769309044444588
0.0006343531713486339
0.48186369169502097
0.07648092746262834
0.48718582365392527
0.003009127543449397
0.001418098887352004
0.6566348918410643
0.016241691655183743
0.6045578703849928
0.01479133318678472
0.0022249945677903504
0.7681619016749806
0.07696756444419783
0.103164335001529
2.29981789168221e-09
0.5274602512176423
0.12115721771820742
0.12756387636564281
0.2945896593243551
0.003224518894757944
0.9605884611133
0.07449285407440609
0.05765550355146454
0.5648225030242733
0.908938789949466
0.8038750762554063
0.7956694808940461
0.9910944428957156
0.08957358717328012
0.29750215741622354
0.8386837892891095
0.1492062230485911
0.6805002742570567
0.054757199343150154
0.03147068171885703
0.39818331127904316
0.12758739919021492
0.8404001421391718
0.17673926456729938
0.7591217108167874
1.8437745752386547e-07
0.008071782878944401
0.4023622033695118
0.016058548183860877
0.057085599504137496
0.4634338435263825
0.016628974230312288
0.43452156211047344
