0.5368187647511717
0.16270536127357715
0.26176989665289674
0.5310906111699865
0.48971090239759046
0.40146167863412763
0.6157918007505352
0.1399590012495775
0.0037760730993510183
0.07649591156398983
0.5686142280251052
0.8428261220549468
0.11322058149296832
0.5512341801557044
0.646180917221216
0.3138296223592203
0.07715921282981442
0.4781158602916409
0.6328988017471479
0.1624306141662839
0.14189018211298476
0.15425223784888087
0.38072881822918947
0.2560646266362998
0.7286835403578255
0.37111803361147166
0.18686534408801392
0.6037930232145006
0.5206973325195204
0.7382609740132555
0.5360405846660508
0.5518844739220714
0.8803480726383224
0.013156854156984702
0.6194041173331672
0.6133671022754257
0.6348180545576259
0.4556792780105461
0.2783619004449738
0.526480936452794
0.7673610955552908
0.992261819830276
0.04509903159735629
0.03609830828039367
0.251461752344479
0.725133889722342
0.3232941764982138
0.742854157208567
0.46535073194449406
0.4937878806773415
0.9819005021485294
0.4998789544674657
0.244377886089288
0.26895281858495146
0.9270836551717738
0.4226361946575532
0.9842150504798692
0.5798205554387521
0.08213470903681142
0.22630109664785558
0.0001226997083700887
0.4148492052383804
0.222535616936515
0.4222830376065432
0.29223737640560626
0.2670035237737163
0.03362878460784513
0.7874638964380651
0.407510868293425
0.7502701482790524
0.8731516605277136
0.6048259228521176
0.9072411182544297
0.5234491521596429
0.40505771467409013
0.09753625236836938
0.3100119190816466
0.1946070382042504
0.0008301668413266405
0.027027391880704688
0.03941208968948451
0.21505356449648705
0.48945648748458326
0.17996709793488108
0.11939448292151589
0.1424199120759868
0.3054569114822685
0.7727431323084892
0.39658713350446995
0.6807531507020025
0.04995095242084746
0.20608459824319092
0.9039337083653562
0.05077962736617625
0.06841029468496562
0.20100664928575096
0.533772063693595
0.38952960776304923
0.42403957794648073
0.05248419894897949
0.6176498967873021
0.3257425099722411
0.11238763860289969
0.3627125153738895
0.5889394004950008
0.5631864408476462
0.45849335524093
0.4084652127289079
0.400285140914727
0.0804301838691448
0.20523091542623217
0.035818880177596935
0.5819568245170594
0.9105564678040923
0.20014131234810728
0.5804121826395747
0.3472183187822695
0.4090699828486582
0.5340656072190363
0.6320797658325623
