0.5670878138496125
0.45474495162676104
0.5611540261239134
0.18458551603008266
0.19343967244988602
0.9388925526567957
0.2648304202688594
0.8722428497406984
0.320936708060465
0.951923735293696
0.9869210024195305
0.5802468783312573
0.19265762431363911
0.16749782845073047
0.9826648426464979
0.044746439849987496
0.7803440608923748
0.6701210899731709
0.10294674832811189
0.41632407388591436
0.4645351890647943
0.8574167204093364
0.06889012250080495
0.3268166348051016
0.13812691094914364
0.9928390886375504
0.7273391155643105
0.4141865380247188
0.453114602036917
0.9956132153560584
0.13546998977839797
0.6564890124892786
0.7770650633789145
0.5130903777670475
0.12217593504049594
0.1390045386706067
0.5266570694057546
0.6010789927429152
0.9266669455758401
0.9224103268836497
0.2027321200640777
0.8480198836761528
0.45543921928108233
0.411762301273531
0.9553633619845043
0.84614525794263
0.5859454381472922
0.6211549911699406
0.8090713285518175
0.9807704561174044
0.3883429040564687
0.9578583196941921
0.3936301596837867
0.3403805658932497
0.2154728613196213
0.5909508828482297
0.7200307764921744
0.002898422203471422
0.680702931092133
0.7935511873833181
0.5335835129218652
0.3314233638113718
0.7694666507482804
0.35979859922023855
0.3980073011477532
0.23991033885566668
0.7473871269902657
0.9612902920144747
0.9501650337690365
0.1726951429911457
0.5805510194250515
0.13491968480608024
0.9837143759842353
0.9375105389083065
0.835144905677089
0.24618495454044845
0.9928028425957363
0.41200951825232
0.7742039259879298
0.3332154392203641
0.7673545130178538
0.7200350975536741
0.5869184427918496
0.4215987622039734
0.8636872381525058
0.1729002818148093
0.5905766803466783
0.18640002190388089
0.7493525788384241
0.11191602806710613
0.48049189611966175
0.4476549223506048
0.8017414902545095
0.013862691277181094
0.7597583508272795
0.6082984812653087
0.3496860139660282
0.452700321798303
0.11298720113379397
0.3188938076352277
0.28201027261943223
0.492531014359624
0.8774909559222711
0.5652156032372826
0.7648222678089192
0.3758838961249009
0.6211625086788922
0.12420442556105057
0.0886447329023158
0.26056363659285964
0.9177550617315415
0.5520109467670404
0.5916544262257877
0.01438811610921471
0.034646306171550297
0.6875355847922044
0.2210017427192677
0.9612867677259688
0.7724391640128142
