0.536609099240034
0.7867571550173482
0.6619649854522385
0.649871647691866
0.0678983564227289
0.916944732229567
0.7302367414985896
0.10252665437487751
0.6519407263719996
0.6787072778523625
0.638754085028413
0.04785810215260722
0.4352952331152946
0.3232414573627569
0.004982153887851837
0.03260929074598473
0.035020339864554266
0.0033515164962445443
0.799459222064347
0.6515364423725596
0.2891734358669942
0.1430714121192942
0.76074878981457
0.099188752597682
0.3418091705378543
0.875561304394993
0.5590039197136948
0.6688103119299285
0.45136937943966493
0.6759301109781066
0.200117975952534
0.09202175656451983
0.0064214448510299385
0.2609110199481932
0.023156781479659383
0.11011446853548312
0.29024608739106356
0.06303452935136633
0.46839724782038883
0.6710334576953281
0.05206453052869042
0.0188636804839053
0.0004323533035526239
0.46890659463016116
0.7618899876751227
0.6268166541914079
0.8339325408494924
0.26445933148627265
0.6493352360217028
0.16842527427570508
0.8270151520384854
0.40219064002974636
0.3444576098506016
0.9894916034387258
0.2803189824549177
0.2840034230698853
0.011064206334995275
0.4967725532289138
0.8569403006598824
0.5233011207763305
0.1643630690658926
0.21235658431690485
0.4210699084708984
0.8430009505324907
0.14009716244135983
0.6679790420247942
0.6049141089066081
0.4945335392640109
0.6294017552806488
0.276788597314668
0.6438350025623796
0.49056269044655426
0.886153702225846
0.09332866022255382
0.2737312089545558
0.14449408610872566
0.6772247543322598
0.015014026949990577
0.061702286553921404
0.5714359076057347
0.4521733492210783
0.8045369417856063
0.8974215870032287
0.4946507891234668
0.2869493833664365
0.1586852969874788
0.1520962103495509
0.005860573384714796
0.0010755383349398961
0.9972141790631706
0.8074439751535001
0.7152162837810145
0.9347251694580561
0.008490954281576979
0.2105588008856294
0.2998313190140944
0.10224219029306385
0.12946288090087776
0.26343409339439905
0.5262459975511736
0.0983131478124295
0.31029238722239594
0.993077904438016
0.940292551006896
0.5131458182275689
0.5901497127709197
0.5995079869989641
0.8090654332890861
0.8429575594522679
0.8768886098684239
0.06393873298026587
0.39235088434340615
0.03534190724135944
0.9867732336446684
0.38070823478382976
0.33269054493910155
0.07009286327345099
0.8666277651687901
0.16632573989587263
