0.35278018848268733
0.33329581573036915
0.10912000738329297
0.6741736215758047
0.2129547496662476
0.48885259300628525
0.3725472388708498
0.09036587599129686
0.3960361425141004
0.4440406456980442
0.5313539283156529
0.0062051606517663505
0.5545265832969504
0.0206825447529142
0.04876058790067025
0.2416794623716063
0.5548115299250772
0.8950837434628363
0.39299284226651476
0.3722578424997929
0.39847795448216494
0.26831248139794256
0.26278456486810814
0.43355159033678325
0.07171910155744854
0.31743650949675584
0.762507113009975
0.6201673029452555
0.21884392862495422
0.730052872981409
0.3815341011441645
0.5869170844845314
0.951414150387528
0.12826072226575325
0.9612792287233694
0.6048180267330449
0.2175725351022162
0.2443827721697538
0.20400727140135833
0.43875804002005975
0.11577544780371474
0.26826741419036404
0.11703762990354849
0.10227715240899049
0.8872172422027644
0.806532290016619
0.9894038306174392
0.638677226094021
0.23179385395109153
0.3861844673369832
0.07711311120637787
0.39989961821601544
0.19690989896862776
0.039320018346724606
0.38196210313322265
0.7731793349911236
0.9500297685369659
0.46813560097295703
0.9374172789364736
0.5775663485115254
0.4011281821357119
0.6088886942766283
0.560321259054462
0.31950563420525935
0.010089963934812873
0.017548333244241432
0.6673228186974152
0.5144373437701153
0.0809983158217785
0.27753153638434824
0.16354462379643606
0.3791957173132299
0.3699037821486254
0.9931296360072324
0.9538969064704568
0.6020847087073389
0.5663791302909986
0.7698701769521363
0.059033412117383735
0.6804985697921901
0.08136799107717066
0.33445582701740006
0.0848048445546088
0.30971270270718865
0.38284938434580007
0.37348597028896946
0.1938625080933778
0.00802641898492621
0.27160437740777166
0.5471668925798072
0.6659582395322876
0.41112684274790756
0.7712519924081278
0.901757401192643
0.7919280541602098
0.5981645235209112
0.6543105021533782
0.2938208346731006
0.9767256366772272
0.4195330006434539
0.6140693450834442
0.46067730167923804
0.011715239442592071
0.2751475594134105
0.7386976142277974
0.49778985529915737
0.6924086359197422
0.1684481486059792
0.1854382340849972
0.35947832131177515
0.9622719131652665
0.666134150054363
0.7399964240093116
0.3901037422183152
0.8131047294974649
0.25254587664158745
0.6193209463344411
0.9406984111701983
0.7388144729606696
0.2322294571287462
