0.1254623679821032
0.6377002096794778
0.24360856546542867
0.6100937073096254
0.3213311302798523
0.18874867727611733
0.4405155711002301
0.44002649058714977
0.21809689549030511
0.1375081673731776
0.014158357807983551
0.6817547644837363
0.3516647814397813
0.1751356879343846
0.07719302635683789
0.6515718629018157
0.2229219166478111
0.1623962918733739
0.20653447484990548
0.370086392042208
0.3020558051720592
0.2891880870832473
0.029234901581467687
0.6986154269976252
0.5218264892383175
0.29523535162457026
0.1284045814154925
0.5554713983333368
0.1960449427138371
0.5074571609183474
0.577352699791376
0.3745208716212336
0.4154654040595147
0.5914040675247825
0.26648437955583526
0.3528424861714816
0.6443297086116403
0.19071445685836852
0.691584788034219
0.17119630111379855
0.6273693788560415
0.34236870529663593
0.6386992972101729
0.7929527003484593
0.6568991587287745
0.2477860210749227
0.6580171888132373
0.004496354235248967
0.47198326412248415
0.43200891925452356
0.7876474290623644
0.26024829874076694
0.5455588774210525
0.5427279192604703
0.690261492299304
0.5466027569194654
0.4224691828399232
0.5400780837072998
0.09270705525704481
0.4844598168600427
0.36439750508035984
0.005477879744918023
0.17876830880203984
0.04574800929854983
0.3115023311608822
0.4620739097701485
0.04570836273111131
0.08150712153170891
0.6777299051610717
0.5310089171120136
0.2787894072396955
0.4255456551287754
0.06652866243681532
0.30910387699136144
0.009346671109430103
0.24130852444091122
0.06107877646144377
0.7063999673696273
0.14206954097526525
0.027284952456752887
0.41221912397336435
0.005646873477052061
0.02212796317254896
0.04596539391269783
0.6502283883701566
0.36245680412060555
0.08608569193544566
0.18170134954756995
0.6054168210831893
0.2695796285433947
0.557532065099384
0.5159944909929258
0.30460521217838976
0.19260900886331378
0.03203865357274727
0.2500262957422841
0.6046291355910913
0.2741773351271939
0.10145713251243955
0.43207619172267697
0.5329607059403962
0.2430281242416903
0.002812365390696625
0.38254606605227137
0.3929685894997547
0.2415024263244861
0.5569324564663453
0.6293734436647904
0.2883704658903894
0.21744575579618286
0.5041039653171431
0.23124115444947446
0.25009162501205956
0.3861968879538497
0.6987574437799652
0.4931248851330181
0.09028368280539945
0.3836271932053862
0.3149840789520044
0.06141654972232827
