0.9387107693222643
0.255163003345608
0.3164145413536954
0.6756809308582838
0.41408467351037315
0.14722050330947245
0.314432976150161
0.4439512944390276
0.20870364000162223
0.7044313675137353
0.6543110295036428
0.6127752765309267
0.26153318579549617
0.5433763191573695
0.8302274248362127
0.9715944651663609
0.25487475512329266
0.9471738441719015
0.10921289982537385
0.24484233014503154
0.5397360666556635
0.5873038625712764
0.32479851156518835
0.9677500768588357
0.5381497074408361
0.9937288028856344
0.5253388130655441
0.38831813431461715
0.8590489449732894
0.45843252548249724
0.20830684459848645
0.514365611823037
0.07954582811337091
0.35276474892693455
0.9711754963234308
0.9944276797568027
0.029117614813651382
0.6754462211669277
0.6524457637121532
0.1516501864032971
0.4227345459394072
0.6612996210129429
0.1236865572680278
0.017073991086884455
0.9537314389744266
0.727065442934369
0.2968228787043405
0.0073505762756980175
0.45346114912441476
0.4042723806947952
0.8201458861590699
0.7422170196784346
0.15510368631826
0.7427650244120573
0.5601798993405913
0.2650548739903242
0.34953740930903693
0.931028703816779
0.46943640656167673
0.8995129815614402
0.04104832705063482
0.7757320450994649
0.7942010507481387
0.9421616674636013
0.1120044341680142
0.9043866003004941
0.9650361377167302
0.8510238646791548
0.10715470678849888
0.8088088050004292
0.6966599312009123
0.5330448783785213
0.4326923239645264
0.4487081997800013
0.7286301830056647
0.6636484283324073
0.4482938152997826
0.6458975303224876
0.5038007470800894
0.23585350466578126
0.4785823428771062
0.5570314759826043
0.28006621882493365
0.5546729002985583
0.14517753535837968
0.2937756458323386
0.5061117959151068
0.23184266372757456
0.6208857366821613
0.0914446406778262
0.7844703272902452
0.5590015088529702
0.3894266274421103
0.09437757838067577
0.33295340729593836
0.7694223445049753
0.6379190322780283
0.5234488585660912
0.04217208257967142
0.9940624356820258
0.8841335741787539
0.1490811607876621
0.4718721450715404
0.637688757856375
0.5341488799518233
0.4929550958414642
0.004904839625559021
0.8096985878778059
0.3996217413559793
0.13110381908465998
0.6343976445880097
0.04934267470219409
0.08864336245412296
0.7765377246551891
0.310824155294682
0.35909461170040413
0.22699796725782928
0.8573365790422072
0.3168381575443058
0.2901977418320292
