0.2552612542492534
0.47713860733473307
0.5394916253403523
0.1270802157178681
0.3209231202802916
0.4542590919083821
0.5345535112108706
0.09550468226853992
0.024311398243645588
0.4266433056596095
0.04516555718776072
0.0019121496868808041
0.031524187573436224
0.615798484135526
0.22929619098553153
0.4513743179172229
0.5590502035936
0.466541658853034
0.03808790346633706
0.581264195728346
0.056631742480679925
0.05860297318926522
0.02234855575293837
0.2694286718259553
0.2080363437705049
0.46709541059948806
0.6300262896161268
0.06942948309055597
0.11277768335259392
0.391653196388664
0.24308122292731338
0.22930021954127797
0.22497796855220575
0.030100151734298638
0.247704009360864
0.370973816510187
0.5869572326713325
0.2267943765194369
0.3000576426986234
0.5379329929958141
0.05003837358682417
0.09302437872371816
0.008450218270045225
0.20976695926383027
0.06086515481081656
0.4444660488573393
0.336441822910017
0.6087943785366017
0.4714396094458009
0.0001599559875771206
0.0678608802143672
0.06434916139096103
0.04449085121852603
0.046685145993238475
0.4440042418321756
0.0018931407604900752
0.5263636067297379
0.30917213298915924
0.6508192348972044
0.004253582039404735
0.10552244388161802
0.6177234400591348
0.3562924243805363
0.006765332272858471
0.1661510685114791
0.09512959457736958
0.5980429690961067
0.5331674741616134
0.10475253384356487
0.435734228246194
0.249636457557707
0.25802134158508694
0.001090089492397306
0.16123156735157496
0.1914403428050424
0.5644155576911333
0.06615671879908969
0.10795077744993442
0.22184786063515438
0.3959814032368534
0.38567201878181373
0.19906843031586363
0.5682921886955541
0.6221997466155561
0.44822128711381937
0.2926947398574308
0.2957531990600948
0.2739537587396814
0.4427114568800185
0.4424260951446759
0.28896292258283895
0.08949803388631059
0.5397166379782288
0.4101007734249469
0.6108550953923839
0.14056009833703542
0.5582393984916622
0.14991327016543976
0.39099353460701103
0.14227907840254472
0.00751306784762007
0.40149364162909595
0.2553489892733074
0.3130077576101662
0.21120443545887468
0.184348457563263
0.2704078969902879
0.14631101474298713
0.39502998766460773
0.5822442173266927
0.5727854539739711
0.01041607078119311
0.6124923974269998
0.07222393377033431
0.10428680359411668
0.613680509164964
0.09106714599129107
0.13620312171427784
0.12011274916540013
0.32866484061206225
