0.8418569861804985
0.1795662508480839
0.2279503897649955
0.9460925734307029
0.104250957331111
0.915199626076328
0.4946836955019869
0.3257653845883208
0.8829382730905259
0.25500889879204774
0.0917608043268377
0.12182949105849405
0.16984131590501184
0.020181758584572797
0.19532959295386076
0.6652619010001283
0.5000979096516465
0.611712731667224
0.0815657252507686
0.8240637031384714
0.6125570909550799
0.9585819234199118
0.500589176059753
0.8936559273467736
0.3093054914575466
0.18098971244643594
0.3184920106769865
0.05758818419703893
0.7578038861464127
0.17839903554547454
0.330885002091146
0.44471475284865686
0.8451319540154486
0.1473764849107349
0.4817795930509803
0.17827008137422395
0.5302032434591903
0.3282926449615484
0.031241663337664427
0.11536295384716344
0.8572892569638171
0.09261137829602806
0.5808299373191776
0.25535676803351914
0.8644834955928323
0.9089361042965944
0.01075941307568562
0.7172791496962324
0.7987315502330843
0.24961905549934665
0.6396625366916124
0.5482358187358323
0.24057483831235332
0.05185410775446918
0.9608569327503844
0.5181973865643298
0.9875671829490527
0.7170535266979099
0.4529310482880873
0.23763101561301994
0.0853005405038505
0.7724234907295444
0.09819746302413163
0.4407302222813263
0.2032086444763881
0.033878295251307255
0.8731349959119701
0.9011902843393631
0.17905072367254293
0.49199049797970895
0.31616124887329544
0.09165687636829077
0.5231933858642348
0.6676948874434185
0.8842107095483667
0.6016587573433555
0.07093016455278267
0.8525862823337423
0.36929813516498267
0.8599821902994107
0.05004039168106151
0.6040965838176449
0.9085950994049461
0.9903421833407572
0.9574408218773958
0.7625489661526733
0.9211879277924319
0.5192863809980404
0.3836531914336381
0.8658361323737718
0.8240295243122817
0.40733579220500715
0.23207841142217847
0.8237712795277512
0.7851262262784433
0.07017447107936037
0.24567311791125124
0.9337129479181111
0.43802751213911756
0.7268324762863531
0.7301342769271346
0.9559938688124662
0.3016609070232478
0.6150617817523056
0.05110866795902069
0.5608557059722521
0.5383565721990737
0.6363393916614549
0.5692302789201782
0.8939318473485929
0.6111820867437423
0.3648617295191341
0.1737639346237687
0.6877932039893272
0.7326378282512048
0.8261002342360586
0.03678360695686078
0.10162647779878253
0.4664024138531975
0.053229159561526865
