0.7011395830547409
0.6422149383595684
0.7599233561886689
0.17018560873980854
0.3845019480549536
0.4736396533684377
0.504428801386779
0.033713912097373684
0.7982642444770869
0.41926093575300305
0.6966189252973932
0.2659205245151348
0.22321535622797772
0.30377337985330644
0.11653936513126162
0.7705511001812528
0.49208376740697374
0.3603631674074841
0.0015852372789912916
0.5022330489271637
0.3178778674139766
0.7410436297917434
0.3131382160696244
0.6101369885393761
0.33910833172138277
0.546465836465285
0.5519182208159812
0.8155346189376536
0.13851380017976922
0.07145247212220374
0.4894117899188235
0.46622569345503206
0.6002492159901945
0.5427887287638479
0.8331107700153562
0.2834728067175485
0.7407991370299808
0.8315393386999608
0.2254822450477614
0.35592768463078905
0.755396678003913
0.674746358579712
0.6153499009128529
0.2047766455648814
0.22117668953282577
0.0700667317741186
0.5156785775097511
0.49104402086068677
0.34523462648824726
0.09733785745636778
0.8201912531991417
0.921836261555558
0.7688132967968087
0.5058130702018175
0.342034132721974
0.5580092297299479
0.4706613115979008
0.6272461616938196
0.4577099668979109
0.7382123438528603
0.8433779093585733
0.3066743583881637
0.1831088451679097
0.981928472216532
0.005328826956178867
0.3327693779845269
0.13222528601936157
0.09280153411931598
0.7552553652028959
0.7800327700485237
0.3887125200885646
0.8140495259452798
0.011006765045882938
0.27062844650319406
0.8899414605967153
0.9653095786023783
0.04485944494995876
0.9798866252456822
0.9722511582133239
0.4022398393250952
0.9951858941567486
0.7805076091860199
0.9118138166803562
0.35318107746770394
0.04901604027312032
0.8788746226718678
0.792090984231469
0.6797868567969498
0.8691778477269145
0.11148070565781842
0.12958055144947406
0.47897897741863676
0.3523861742942918
0.4177760738887788
0.19100699467935423
0.2216350388816144
0.3429355731955659
0.35655984848333366
0.8426384678507747
0.8091995574205546
0.7425653056595866
0.6043147130763038
0.4748766579036775
0.827500970427319
0.6134432295884513
0.36271789159415024
0.7626142101703001
0.596208632510226
0.53827546427458
0.8933665450494825
0.9898195110144468
0.4807116213448177
0.44414869482304864
0.35207134407318846
0.6744337010497843
0.29411142552002795
0.20405818911688492
0.4309840073419518
0.3974243687197182
0.029381828066337073
