0.07624862562713612
0.9682089379904311
0.7427663231063176
0.5080737154508472
0.7114979703982611
0.18339600482431956
0.3467036578961473
0.3930341647550748
0.2796342196085104
0.3122771363676704
0.23907285717702975
0.9424684279163178
0.1405420999183422
0.3482460298105068
0.14355292737421688
0.28813495124938293
0.5435735629663897
0.9168800382816022
0.20224547040818486
0.8161930961352675
0.575770623603715
0.1829139378763583
0.5344014660914748
0.765357954052631
0.8346882166032428
0.7909115420978613
0.42767060458584427
0.018167329773705942
0.16500286271165043
0.09652752079807714
0.5207839136837112
0.7460022836322875
0.00927714079956862
0.9382049739127838
0.6360041367351988
0.36633045083726157
0.9224006729813243
0.04207035510276391
0.4823655773129631
0.611981090269649
0.09863523935017304
0.2858349483444891
0.6988708481098971
0.9103607611247109
0.4609662647406827
0.761067479640005
0.21053363959148164
0.22128978002546607
0.6520480996955123
0.44113529335382085
0.05461645811347168
0.549175303978064
0.2639452683212602
0.5732020644654141
0.009920691708600105
0.6000148025932226
0.8086027325753371
0.16880940934037778
0.961135184904936
0.5638183378671382
0.7065438272979145
0.15583553896882751
0.5026759555292921
0.5922648036061617
0.054491827093957834
0.16020973274599215
0.411710666409083
0.923954758956087
0.7147070237242381
0.1807062841864539
0.8059958615652769
0.791948167799195
0.2004726932438178
0.950141609008454
0.9441483283388734
0.6037527366310195
0.12784460733098046
0.12633441642631182
0.6515882662014674
0.6431933299305478
0.09588180273553311
0.27178717399765673
0.3333357297964179
0.6698381991315212
0.9393072881030935
0.025795330881297263
0.18375864421738747
0.12817540847768583
0.8112573873476705
0.8316980942322323
0.6989902443635909
0.8031858730838548
0.025317979704329918
0.5557575360936977
0.4934421747530828
0.7002901074160648
0.19824113468057614
0.13957854794467228
0.7223889644677495
0.5797066391685679
0.5655070537946129
0.34546165739254203
0.2838418881024592
0.14630730505908285
0.6376113334353501
0.36387854447985446
0.6605226227981835
0.1520410894920446
0.8556757532217463
0.10950478974014244
0.6719832140334454
0.06011697530809219
0.29089183064521307
0.08401432299612252
0.4923774967478548
0.07345296251066435
0.8010762361862587
0.9621118584817252
0.5157887116378508
0.1434998990125549
