0.3022398146412275
0.06546923561785567
0.2851127159590189
0.260904427498456
0.022131611108654248
0.10292891739973054
0.10212008185419119
0.486818653994078
0.002195543659309962
0.000799109972442702
6.2289000850590526e-06
0.042786807970002894
0.0669467832977475
0.06228147432890618
0.079851425456122
0.8648006152577103
0.9811877244363434
0.0627453727271543
0.6196001380690663
0.013979076179140737
0.15603207955210197
0.07420756660384153
0.1844164123137304
0.40867582582543505
0.7190504519978214
0.09532053061625767
0.007222278939514881
0.024451393890898343
0.5165686405908123
0.10772719785882301
0.10674392240186892
0.20611752878146294
0.6400405829644258
0.7360063835850847
0.5915693144893036
0.14682108799666693
0.6229719050038164
0.6081819295114057
0.39511855181212696
0.16538121584498944
0.9306467988758911
0.011790555257551238
0.16097470008396453
0.13730626422231462
0.7975852665247514
0.08774650206957912
0.09688301952907752
0.013596104847951596
0.03907095866186183
0.8752664202575607
0.06051366475670683
0.015756404242060817
0.32915068340004194
0.5938986731352879
0.9681698817839663
0.21727761194820583
0.0057868164610357375
0.003757113950226154
0.17140305899464825
0.0604605095558044
0.18446537529410367
0.06561212702224117
0.08838706535121821
0.07054713750904806
0.8377226854749753
0.13320062256391507
0.004720424577733695
0.11889508120971226
0.0004290834219653483
0.31534128036462006
0.006280762158557884
0.008606227126489063
0.19814304439116737
0.06921123923583616
0.31152042091928345
0.23758018140695025
0.18113595236134622
0.9195367434271221
0.4119430803505577
0.13494941936994542
0.02542015239562745
0.001101281182937619
0.05733167885464319
0.5952515127048306
0.16481335127437102
0.7623474816664686
0.15589614298446475
0.9489857614611932
0.0682469114187565
0.0381009633783671
0.2326371607597404
0.0023169571049932447
0.08096925840574021
0.16800996839803983
0.3036329371836348
0.25258066769175347
0.0007227192554295492
0.017102109923735398
0.0001928594751001711
0.024052209830080606
0.08668502828362046
0.5210847748916414
0.09850245806211189
0.1330220066193204
0.2904938505982757
0.2260219899136553
0.0010239972603556247
0.21187224187548193
0.004653381157281755
0.02168900908405247
0.02629745396117178
0.3701617557227239
0.7710238947925863
0.014024861135768285
0.5854360167067791
0.6646062185956514
0.9920271798361193
0.12734851702085637
0.08749763075411827
0.6586957825594129
