0.5131310161599574
0.3166286085031862
0.45108144510132586
0.8680511143366739
0.5920441834512752
0.2508753541394039
0.23822371392834954
0.6394904968178017
0.14161451890447552
0.8243819936199889
0.9450403102436775
0.2919968023794943
0.3927777909776553
0.9097087999320519
0.95550877081368
0.01200587352617899
0.6426859426120757
0.6508559650439282
0.7431153546185778
0.2038020518316684
0.6750489716102894
0.10588669421291734
0.1436972499552136
0.2853450117459953
0.31828169185345084
0.023123660728163895
0.6472134362296411
0.5587115115542263
0.5933377648106601
0.24567451837576026
0.7456271377817011
0.29687464318110024
0.5664423194454146
0.8599824965483147
0.5870746099847839
0.6226866470550962
0.6985825661662941
0.8409189351738183
0.2569426316911757
0.4822818538109396
0.6152942586292957
0.30831153284223983
0.2414655229259155
0.32564618771383885
0.9284556656564991
0.9723562279964297
0.7840717894278453
0.8738968685653026
0.7463671107165429
0.5378342812646626
0.20186349742270907
0.011131693915030993
0.5397385802221725
0.5031672505854272
0.5584677636134139
0.7929178809822117
0.5000201824913091
0.025148729525788723
0.6047666375363978
0.7738885040090753
0.6194866102047141
0.4924872921103667
0.83540474435103
0.5486020396573168
0.09678736630127255
0.02110302852060197
0.9356496141422714
0.79097731560223
0.6576622157687253
0.8088793317209659
0.8524625738858613
0.06902951561100368
0.33966170343904745
0.20543305261382522
0.3259136161090972
0.33611736239738166
0.05437846225765811
0.9515315103902735
0.6974899470120695
0.3322480627049833
0.4029207800581044
0.8851208856508407
0.8698636207963835
0.6954471607083866
0.5184275381937894
0.9110581211837885
0.753195652163553
0.5348327537654138
0.5713826852434026
0.6846417967650382
0.02898206185527963
0.753870044978093
0.21405645171406307
0.30311012799654
0.7305102685650409
0.33231059260550233
0.23799296224836364
0.21099470438534995
0.8293981785013782
0.6101448387857756
0.5028867529235648
0.7559055230645882
0.5081805139860333
0.62217383327493
0.45000733140851845
0.29703695932830076
0.4730614573676107
0.8814237322411715
0.8118535277750327
0.11564769910152428
0.8553909104084148
0.4183771914316625
0.1575772454864678
0.9464723296738902
0.6135789464360497
0.9099837532632402
0.776296468481321
0.468857896182302
0.2711496801753308
0.8874518802403353
