0.27865941622329143
0.29406659059948076
0.8642361429548098
0.8910637694175432
0.384952951300269
0.22535048039358044
0.8967921162829132
0.3329794478439418
0.35040804952351
0.9879415581451785
0.4375603200339988
0.7512613698479254
0.7701915595052863
0.19971376982087471
0.9534675678092251
0.6409966797869351
0.46554646222671336
0.9362935825350222
0.7042578238012747
0.6618278070135025
0.8163528973056018
0.6135045103584555
0.452754590230263
0.9406430782582716
0.2682555221617222
0.25363789244914425
0.12471595654686135
0.14680076406108966
0.5618059054597406
0.3401523933205277
0.705994657014203
0.33313682564483593
0.42520008387667296
0.8549278073406827
0.107287322360053
0.26718613849612527
0.15011202287252545
0.8173709451195899
0.12081757879018129
0.9747815946461911
0.7775471292809858
0.43262788151644926
0.7114529131911711
0.181643731719448
0.7943277111955578
0.19886269433566084
0.22384543066216323
0.31097828621753765
0.8408203097411644
0.030329934690791788
0.40600564099897296
0.6076095668253572
0.48611621305646724
0.9898661749909325
0.9350364021716282
0.008368339024035245
0.9837799901059586
0.2601894637191475
0.2630878612155636
0.4024045183119537
0.6184416560592518
0.7157934518418588
0.21423123570435829
0.8572219160224204
0.5190400407516663
0.9784717249575857
0.2634539346779577
0.8611569143474682
0.49032573131927865
0.5060606845555728
0.9958634160192903
0.47980364811793325
0.17145823154830886
0.12557343550194422
0.01864262153524021
0.5327489015163819
0.3188910738116115
0.6072536769338013
0.44958348651332053
0.9900281833179714
0.9876528813588651
0.181836110486159
0.6544045883993592
0.6290885209602094
0.5529795712140395
0.8107343162230216
0.5467749006223643
0.913095588016945
0.22153173362871104
0.25281298157180987
0.12968567826546162
0.5410944877605091
0.4122319839340691
0.3160542180766615
0.1871898032512489
0.8854358145292545
0.32856733533007354
0.6685816808333254
0.25336307295978916
0.15402341416315907
0.42023407188165574
0.0670528996243894
0.9701697054301803
0.8463344934418378
0.5356388220860632
0.9335246013798391
0.8908891463411622
0.7410452482200474
0.722910924983715
0.8554019782390492
0.9554972984654369
0.3795205234752396
0.8201463566920273
0.48792075420881315
0.6796736951684652
0.033637003992328385
0.7653384718100503
0.42540722037321554
0.48094908690191684
0.9854479735322901
