0.06713176328062793
0.37518096712606497
0.6152137366477335
0.5894801079596514
0.6447883631488464
0.9914139978922608
0.9829607699171394
0.44712929629040565
0.5052372596539322
0.23973796052462756
0.5612804838668515
0.08218460988460714
0.02368377978016656
0.14080313975050318
0.00951709480950691
0.26982595313592483
0.19580640037400734
0.5180979586726028
0.6472828471789669
0.4766099193511797
0.6417649401386826
0.6336893167365706
0.10945360272967573
0.12014360452825179
0.6650060306794988
0.5618701002163777
0.10216443048773649
0.07408555635993297
0.04860921204390389
0.12867902643493823
0.5253877447431725
0.8021337757851115
0.6526324405847945
0.0006933601924978827
0.6223377144938741
0.3448929542480452
0.7700391400119855
0.4421372163561974
0.9542287222672879
0.12216294720266468
0.656791018641969
0.8075742298874109
0.1550247189184577
0.5979023845255124
0.10087882348930055
0.6845567791953795
0.9820466899809721
0.3452666471968182
0.12452839075356614
0.6513799457343885
0.35862330044421015
0.5918279687528707
0.4312840811008961
0.3919545846238421
0.7849142086729494
0.795280431460984
0.9551898920037716
0.10444132345141854
0.22808780316252797
0.23503585220480883
0.2276682025846277
0.19128451043997594
0.3527989448819231
0.5066334288291197
0.5499194352392556
0.9004148936139409
0.5695633134720804
0.3603274036587294
0.7468854538860901
0.7742380821352519
0.6188439769897329
0.053166503339435886
0.24837485452289057
0.5634177072464284
0.09677229089243844
0.6150628948750434
0.593415541282219
0.2605843955596746
0.0862154736957832
0.6240201441827351
0.1799855884297485
0.312428321413766
0.7011006196605557
0.1412308988305772
0.6837493469258343
0.8911792672252336
0.2408813809628414
0.13746027544136344
0.49655534891692255
0.8114535028618071
0.6277036500537923
0.8940957697827943
0.4790123722134463
0.9190725703151674
0.8371615904225793
0.8572226738619446
0.3736484094595567
0.12617755612724801
0.8756419203551083
0.02881583633444751
0.817456122243772
0.5210676849793563
0.7132311474114587
0.18470161575895433
0.41716419013410844
0.9437679556893348
0.2945670717333839
0.34225688112193287
0.3340153018094294
0.5513966599214124
0.015013801283495406
0.9760134769577172
0.4830558465685353
0.5526826787149387
0.6227107740128304
0.7478995883061756
0.03793876255195827
0.9890504502921178
0.2228330515030177
