0.004146722249547707
0.03141829355432635
0.001206063822375647
0.10408049363342808
7.125448928069211e-05
0.02229702110148768
0.0023151737332489652
0.0013009649317772265
0.028683487950869058
7.401455962519066e-05
2.2802962568624352e-05
0.010354049047192726
0.021622697629957166
0.00025422072674374796
0.0012647569579335993
2.1571692032651413e-07
0.10196902924036166
0.003956392707712197
0.09688233620893616
9.300877111373396e-06
0.09020638399666647
0.002793018828157523
3.9064439238956083e-08
0.014712240470391436
7.933018753281118e-05
0.00016405414574949262
0.006983690336160198
0.22810920390957024
0.058114697577876795
3.9171682806093955e-05
0.0009587369884487273
0.06886802459101893
0.02296690003648094
0.011718847653340969
0.00025309221759539646
0.12809012406354015
2.201689142111718e-08
4.254234292044856e-05
0.10468697775474167
0.0923676347599296
0.0052395621947260995
1.2085295301389465e-05
0.003350217851994186
0.004290589639238895
1.8523636082790063e-06
6.260812678782202e-05
0.03227639398389148
0.42495441715043003
3.246397572231885e-05
0.005790621085918213
0.00024670579017316285
0.02106505737014497
0.05932699337818592
0.0025004049061787548
0.015006145958682104
3.973662444201054e-06
0.2960139360688723
0.008585943076257152
0.00035902656628072904
0.0009236426836145561
0.18089741040114538
0.005034591458897397
0.08387517519179077
2.5485393795321443e-09
0.0010169056715381153
0.00019229236720641474
0.001720852029830633
0.008539855879551306
7.834970325459878e-05
0.9812413716497808
5.5260011561308886e-05
0.25288417751956316
0.004015520618181556
0.0767190233916688
8.214609108492255e-07
0.00024275532837148006
0.006794434526157023
0.006188895334151567
0.0015472445131028412
0.00024024498760666368
0.008726155599230623
0.03215495649045863
0.006571295043902969
0.32953288865150876
0.26401144054169
0.013611500764508788
0.026766396303657514
0.047278128492837634
1.1566262994477938e-05
0.19524116791774904
3.6948076864717905e-06
0.0016653533352939398
0.04170794520644905
5.6901002342124585e-05
0.000671661008863067
8.469601930904957e-08
0.30591253451066325
4.335811547573343e-07
0.0004354019543313381
0.024968141370922847
0.01664329000084841
1.3001668750511897e-06
0.0033899692465166886
0.002920974840601165
0.0002741759163822355
0.03180760480026956
0.0003942197361024302
0.00032897363049055883
1.4649415014389433e-10
0.0027720203294041568
0.20704016303664496
1.6254314361141553e-06
0.000232791130755583
0.1830687639760853
0.011106538989712478
0.0011739122545864067
0.9697334349524844
0.03190906780033731
0.0006454183184030349
0.4266237668144375
