0.6299727400726725
0.954790879226163
0.12187915601475585
0.17983707403888657
0.8571794049470822
0.022190808593297584
0.6195243514344897
0.4536340199164912
0.34554162319070447
0.005638515942009148
0.746700301054562
0.5129702660155826
0.3898516493579913
0.41370668485433026
0.7581117501776328
0.6278328277942586
0.4382477745454709
0.1852823770766384
0.14914819912508048
0.7215805977114926
0.10021820335615228
0.7238212294302925
0.6083219475363835
0.4704769110578988
0.29791751603507244
0.929957578156072
0.36923099472732135
0.6348423778688366
0.6907985628965813
0.8044525765552684
0.05879465264255934
0.1473545515459474
0.5235568856847574
0.5423950397241997
0.18920598162129987
0.10823435412689078
0.8745237017448528
0.9753827001077096
0.44662063008942027
0.20483503462629282
0.3780452785520932
0.007758765383999666
0.6180906199200598
0.5729350881565036
0.6596673860052763
0.10966703439772418
0.957250600805233
0.051338864722697546
0.034181833075230594
0.46868002598260894
0.48379809285575504
0.6313786637853538
0.4854066602306052
0.14684322054123017
0.16956614477942789
0.8856160772079469
0.2110356311323769
0.961374463403502
0.544567620086417
0.23585093668663773
0.02581447283401972
0.03178093026330164
0.45682246789979913
0.5220388452538656
0.9478138480559544
0.9543391304975671
0.45615748587790006
0.5936800137145535
0.9444595362982817
0.6339336553021271
0.6494117335565398
0.855134310195659
0.6431769694186467
0.2368449004156559
0.9956993437977966
0.6838064991017913
0.6469631051586581
0.25618812773969646
0.5337880594825737
0.11913774301091161
0.29758017926326713
0.013506574225110559
0.5349763417131956
0.7489191149598255
0.262975621788428
0.7001132433159016
0.25774283828544214
0.7596311227758579
0.6659313236661788
0.40744227670942834
0.11436817616953779
0.8472533150066843
0.5001446635305333
0.5806742035119429
0.9705092533306783
0.21646693183225518
0.07437989651542451
0.08757981512042194
0.011136617345574917
0.7541923421155761
0.17980659064220372
0.005527705379783532
0.18210109580314346
0.9157120392773428
0.975095990389412
0.7591376013961959
0.4858075577819636
0.24459913228606203
0.6741650204039069
0.20732785122538086
0.13762667970741815
0.13956883387374056
0.3671214419216293
0.2460469362939115
0.20144076718905746
0.49933053429906143
0.8608134615196392
0.6802694046079485
0.45692835671797627
0.5943199789995808
