0.7259130618091716
0.8265902883111063
0.6609659172847224
0.8552241114375139
0.8411179844594554
0.5126679905163054
0.9593100171558406
0.27521293714542727
0.2214792150182842
0.652792555681206
0.45905132781176294
0.41363277069948645
0.7398546164760854
0.6400456165055866
0.12265047849231918
0.22666125760188538
0.6438763426497569
0.36839644878863176
0.3681372044714689
0.26561209267262065
0.5450622990787359
0.6078696668173789
0.9591445765961136
0.9834885240774539
0.3324513911343558
0.4371292813239713
0.27257039122647725
0.3931632516575868
0.17676771221546517
0.031637358479157135
0.3632346444157361
0.362371422704522
0.7764238499039349
0.676016990720232
0.07671118215469841
0.529077492663211
0.9223237149477057
0.37929102013045707
0.9646072780228785
0.5531854779370404
0.0864729034379841
0.5818327062597264
0.5295046926769306
0.9211426484907275
0.7789980853708568
0.1690118759529644
0.7319376399438968
0.13240494152161286
0.4268222524306948
0.06312026202874765
0.2336609589549523
0.006079235638105535
0.8468108934609089
0.46147532144923714
0.5115931532487605
0.9044474625351457
0.3293623088205446
0.8402364183000051
0.45104431351990315
0.555520591577004
0.6591854459109229
0.6101916344307943
0.21623107408368752
0.8227907138017949
0.5882088350564444
0.40277561044924715
0.5770870933123775
0.28979144811001967
0.20451457564917663
0.06713273500872141
0.7074369282233526
0.30905879380988566
0.15545857225851556
0.41111848759428127
0.795777169746571
0.9379127471546781
0.6617365295701381
0.20942214506517165
0.04459254491238684
0.37456332350349597
0.5378124755004647
0.869415203175169
0.2152679284030481
0.09089359791855123
0.5698236857040067
0.7963917061358068
0.0048153549512690574
0.3058543416065225
0.806855730402844
0.6314079806354569
0.7411297731575562
0.2796847772000838
0.10241425258011597
0.9648576424492059
0.9336716770804072
0.468542500416252
0.3364009035103665
0.5581796626212269
0.33966332499436097
0.37344106228701573
0.14560219693039214
0.21890006555753022
0.18176423978502743
0.31083509465700265
0.04171031023274807
0.887125133543982
0.7621407430513951
0.1965423429537731
0.7095834215682592
0.475807946002496
0.495980240585868
0.38517504767230343
0.8586148244302727
0.10528427735936809
0.3478472698466639
0.24122777989054978
0.7026278990370998
0.33178243513965233
0.4132315806560957
0.255479975398855
