0.40004882450021784
0.5770660030801629
0.9385877451745467
0.48868452566762133
0.12183032655682702
0.6186781407514422
0.7499819479093676
0.13657505376616985
0.2367799724133537
0.7087819031272171
0.3693077138785308
0.029246202193646313
0.37998453667191423
0.1570493346985855
0.6950094725289415
0.49574294137564734
0.43376008798700405
0.7291739382788056
0.01678845546884055
0.9995713349460261
0.2740476056972623
0.29979890200495785
0.43789862000341334
0.41445738892958645
0.5725423445225076
0.14868875439065143
0.29105041226853057
0.6224509379346554
0.9743224923760059
0.09910984107093124
0.4809030305816453
0.2694698455792517
0.978269171091013
0.32737229731729744
0.9261953632893345
0.44885647146969876
0.33715132860454333
0.7397276472180164
0.5302899167837669
0.8387071942101072
0.5863426862767668
0.5393158596089379
0.005180213541300032
0.6087363721842455
0.14487983857128195
0.5510788320324793
0.6232439094121931
0.9770774374461408
0.6139374697927453
0.34189010510699647
0.32184878171840337
0.07778278281524775
0.12184295746802398
0.2913110554800109
0.031591708162237664
0.7530976687032376
0.8153743792056576
0.39373920731479684
0.44909315421426554
0.36853843518868334
0.05643765538664414
0.5520040232933148
0.3353559585093562
0.639307119299378
0.47162190663675263
0.06692925258699134
0.12138242225925078
0.12404511350080982
0.20932411702002016
0.06480474284131144
0.43793049280713137
0.00586038350290119
0.3679884989758646
0.8985807394145526
0.7375860623485178
0.4059066021170272
0.3510667674150696
0.06132274907739954
0.7361528381866924
0.9599006429885244
0.31239684537726375
0.5861489296551325
0.2978458219261725
0.35295892826024855
0.6267629439048549
0.8834125665739843
0.3529970301365521
0.023703635189955108
0.24715666224125957
0.4497266299244318
0.49509353262351263
0.7830166130371145
0.5792577960511414
0.7965709694026807
0.49225706916935
0.365967092528391
0.3816051406113077
0.10047946626278415
0.8019833426648536
0.0919382225795844
0.5169813755304886
0.9306351239208032
0.8086272925182296
0.8804118617358552
0.9260728677598422
0.4468549195182263
0.03242898726273735
0.23059176961241823
0.29812273217262786
0.4769277402451648
0.7540663707617098
0.48277141037882054
0.0925528347166773
0.3523109034360608
0.9067900939600042
0.9537890202039613
0.18939944130643435
0.286346085724585
0.9284703501955047
0.6208714288657387
