0.09441288488576505
0.44065121436831856
0.7669145179611463
0.8375758542684385
0.8114045434515351
0.5125630048297551
0.3910313954413398
0.3453630621696555
0.30257824385766724
0.9594172783342706
0.20650150057830646
0.31575277680896086
0.028723239126954292
0.6943795876288489
0.3561334158918703
0.9419034954077181
0.22560813252774695
0.9366269693595912
0.08705070636236226
0.7971691922709038
0.414776344187314
0.19620398382266666
0.5709813781155487
0.008437285334416345
0.32392216337597346
0.037497713662560966
0.17343950885476023
0.05075817062936163
0.3303053508651368
0.19535405177653603
0.29651185513796696
0.2722900210147594
0.716556499404384
0.9635880924060438
0.40890590287260586
0.6036691287813558
0.9966885808035704
0.031796671075629446
0.9098275464350168
0.3708494089208336
0.5247005006328334
0.36879200489713804
0.5992908312861409
0.28907507841260793
0.07928436890632108
0.10158306597215505
0.1263900775933251
0.3309246333566959
0.8847933976268981
0.9324514780432205
0.6862503354617373
0.5129583803249332
0.5955873766196786
0.461455135199496
0.8650558473597245
0.20904591219306665
0.8962673311239079
0.4390875874247398
0.46661623758873727
0.8185841079909975
0.25031254887123255
0.7751152776884513
0.1874435350309483
0.7715984645268439
0.4453399589927854
0.8190318890263428
0.8317715360179141
0.14181948127606314
0.42118155840972427
0.15100029992319453
0.5777135143885785
0.36469216461488846
0.6877051631775649
0.7447345722364511
0.11466575778599997
0.5664557228857559
0.047180355141165586
0.7660266900675912
0.8520226119196204
0.44062837097241936
0.9726010928554794
0.9677929462271619
0.5916547682836047
0.00973114860556292
0.5973366019123683
0.05322461579314508
0.9301022446938698
0.04094317183118011
0.43914434077825326
0.8849188870364053
0.3585938255577514
0.35025727908640825
0.3303123342919454
0.2737318789461462
0.9004776208480532
0.7059256204219557
0.9323297151293943
0.656769357266197
0.3488543003261253
0.8469138745319067
0.10901578063770367
0.12740656245973256
0.6940416738396986
0.050832280201063895
0.7988418399939002
0.8335320502417892
0.18022066912747436
0.43471590897661344
0.9670936890578464
0.39679082770477403
0.4914122171089083
0.24895362636217966
0.3255725780392989
0.676985513840491
0.4377140175612626
0.40475132559454585
0.9189229887475304
0.24302764597619608
0.7076586718769202
0.12805215002471426