0.09805018976599911
0.01623107710048366
0.09775462105236099
0.41156445553338733
0.7942738654963803
0.8075062397410528
0.1471269513157607
0.42551817289292226
0.7038751589011552
0.06646440557006263
0.8732646852836714
0.17841151169946867
0.7332198239142882
0.7006486209700001
0.14325441721952892
0.9026829261022182
0.7610993326584998
0.46059744964909366
0.6723092170643215
0.33978796052966476
0.206511473767647
0.9277926276121664
0.14373128683983416
0.07603694635555436
0.1776647635262097
0.7702822700509355
0.2646725735107922
0.5359661050796461
0.657389806313023
0.08998708124962959
0.729132386195863
0.01734391874442265
0.17399806866555445
0.6757745865346236
0.17006513113576624
0.2527839072622433
0.7928798012400804
0.6270888796910736
0.6733469963041419
0.8622263508371248
0.8584946699254603
0.24470492266725827
0.6488713043215806
0.6255194974047605
0.7966986024248944
0.8310710828548304
0.06092733256216931
0.630731138315824
0.00010803135291070909
0.7836571409259895
0.01115719621646094
0.29692902132926263
0.00831364145457325
0.73374861038467
0.20542283891678959
0.19765604241690404
0.02024067851952216
0.5066982705999676
0.879157540566051
0.444485181828546
0.3245667517456303
0.46351236046558847
0.11467860875805536
0.08287961061053384
0.5343486147815535
0.5299827901593502
0.44382980863721544
0.13697361930546603
0.17861170288062533
0.1395020786115888
0.8939548015653511
0.0010011547386925557
0.7004348821011648
0.9953900862076861
0.531267817469071
0.29962365615393494
0.27847580557072843
0.8478088903843686
0.8528701964376908
0.0013387820943902007
0.0781078201596504
0.4315658701364222
0.44382661067200013
0.8712379110805725
0.2947119315477129
0.32318542600660005
0.3793292686745111
0.6895703000283053
0.3221759920290612
0.7107511248942542
0.008141991410987925
0.05216995729185503
0.495866711985693
0.38476459795381124
0.014235616457250355
0.987867156717263
0.4964655619222291
0.8665341527522933
0.35996306884905915
0.612439873017585
0.8814497826083593
0.9879713113746948
0.7505878794258284
0.7556143761756449
0.3727416918244409
0.7059148934689927
0.2343674710571806
0.8350622303296265
0.6455693688762323
0.013414788127068089
0.8601504008328352
0.8818157162553449
0.6528835346383401
0.573308546085009
0.3910270531644435
0.3551355211719056
0.24476417275841422
0.2558210263694023
0.3711612843112381
0.09578715324755975
0.49392687952676906
0.5236281261311112
0.5576708299227979
0.12201883566760796
0.6457206066655017
0.5091277840618853
0.47280058492816845
0.45605605671463567
0.576678069455518
0.1861798045835875
0.5808763851602665
0.23532451410200927
0.5216748226848649
0.8881013420013545
0.06798543677942387
0.18942531960526476
0.42450089041330213
0.10462056872505499
0.18502344339006038
0.8066713107395451
0.14920936644590688
0.6466362388705489
0.06788368500188735
0.17937665222521648
0.001697222811008814
0.9789280261944768
0.7089722877677148
0.012720363935375028
0.5946601758644967
0.3402570293542475
0.015341841045368287
0.1428834965161654
0.7476657336321174
0.9763704341947235
0.620368435053027
0.17157569863013622
0.22292408590590188
0.9055435897353306
0.08799249550298235
0.8758080244453026
0.021871709176359166
0.5535512083856358
0.3904554599748038
0.5644860742319893
0.41115224936667305
0.21235187812680434
0.8556163495527472
0.8949924030540103
0.6604558630140309
0.1709690773557535
0.6955555446827869
0.9515073187497929
0.14328331621378965
0.8950200946007085
0.8261495454713512
0.5258764073892129
0.5661705966051361
0.10939099609940794
0.3290736973534707
0.9418156338114932
0.2706644966200842
0.04669971294638753
0.05661386446426708
0.2313137328765953
0.5983509678183456
0.49897071552775557
0.14420737011551354
0.47721415572735215
0.20655980485975783
0.32735215638174897
0.26592724823538094
0.7784709738901303
0.6914896173027192
0.28479964526150714
0.005933207536100528
0.9252690354293432
0.972104511943533
0.09982216412394415
0.4936972091356135
0.9650346527039233
0.5475351615875015
0.20880287068643627
0.25691394037683024
0.3764363222708782
0.4908222893236591
0.8620582949948126
0.09352252464617816
0.6232694211642583
0.21869482985131938
0.04046900443915269
0.36219650115578683
0.3109965145099609
0.8508728873982978
0.675105325053527
0.6917042114107588
0.4827253999874108
0.21632134336274067
0.8281783233507496
0.9930421595778441
0.12750857915183178
0.32775796939501545
0.0029871234650844514
0.1671946631453587
0.6165127480420296
0.23689578470260558
0.2209519759446672
0.5049434679999034
0.5645355948460131
0.2033315588303375
0.6966716895974725
0.056630377312956615
0.6829404902946716
0.7811361208139755
0.6591165684860468
0.8634103984215604
0.7729378623495526
0.05590869972122192
0.8250604329412681
