0.35630773275258254
0.04415545782606916
0.020029077543453955
0.45178299877234407
0.644468116884176
0.47326114075479664
0.002789956414493533
0.06853643704565673
0.6267371131490345
0.334408134281787
0.18140585424401556
0.1889493495141083
0.5524113567614026
0.286275703939085
0.6341919500864548
0.2549519073430784
0.28688622791098517
0.01272184620264153
0.39068308941802604
0.09590639496615565
0.0010319132633849692
0.22310424956812014
0.3647479540017491
0.24804430161977709
0.05176084546225157
0.0031688736993473743
0.4909696160185722
0.5132957974977355
0.07017098927687697
0.5936658140861055
0.5860349956843637
0.11611544134385456
0.19538989236796667
0.03850147129616466
0.11867003006269347
0.39145965120448056
0.41447925239373107
0.38588862441341387
0.21571527385992928
0.1977969589136721
0.7214971248788319
0.060529941097633655
0.4346912417474294
0.26546244649248996
0.09699709800501921
0.16585067192131023
0.5682386487120736
0.0006470926681061417
0.21045282609987748
0.26848857097038364
0.4709138773791237
0.12785702981876748
0.007116757314893141
0.5260001482600217
0.5468889673930211
0.2782618322719337
0.2504270958511772
0.4744069994928245
0.4844594743601234
0.24753127262919206
0.09720040520962203
0.4584689007236102
0.27573473979179897
0.2322403053602045
0.45769843094086565
0.5181890585883538
0.04282026412590767
0.47934955891051567
0.23953260806877752
0.3832000730149785
0.2815183542929716
0.5778369734114677
0.6444076777979498
0.6296666255456043
0.364744961899266
0.7396098470555241
0.5653296298335491
0.23108886244191007
0.036774121313628116
0.08851875325168852
0.632724974740248
0.4901280826248162
0.02753140291231795
0.20988248380990138
0.13062637697757756
0.23243504529976544
0.26054415813493836
0.15820687227434646
0.3444452004881211
0.551951233789959
0.28910902939654126
0.505018506293038
0.2855230414997063
0.038421794108383756
0.20301090504702501
0.32102225187000455
0.15621687317146005
0.4989119763553095
0.34967596349110797
0.6449184233026481
0.11143873121434367
0.26239670124659725
0.06700537040084353
0.6263837645018746
0.3428296486533694
0.2345040821028137
0.39872044836303877
0.3577897376690764
0.4417029357250597
0.32802603154609505
0.49970287126861784
0.11903354513599873
0.403749566600909
0.4196040028245312
0.3671872533543381
0.2136898763803623
0.4023372973891248
0.4231294910614836
0.36190510982841
0.09993753002081851
