0.05959289958456648
0.1551672257191539
0.48669309102709213
0.7958747159275924
0.7405492300173344
0.6511091436052272
0.20609536913391918
0.3894901976487294
0.05518339403809882
0.11174410304224636
0.4418740871416129
0.928307413311144
0.522183445874264
0.8571704317558153
0.5551770177013367
0.038037548782287045
0.48061229678036277
0.026825131928026998
0.31680862718082425
0.30455188316752796
0.26758697224789074
0.5113681984824963
0.16971572618808284
0.7326082900225508
0.5904409864235165
0.5778287652113892
0.16243327390730689
0.09583674843768031
0.034396231841723024
0.4333080615645354
0.6122741072339639
0.38934172156050084
0.9071176024576274
0.932456803428877
0.8730498218204985
0.024717485584936583
0.1598544829550641
0.28946582139008703
0.03017411567196504
0.12250106973526087
0.28943546425756184
0.07524442329388448
0.07917848109911252
0.1004571940085266
0.29338541810965024
0.24231716821655083
0.24101864317004681
0.5599686034093381
0.33337743469058945
0.06399494146787976
0.9871628130021198
0.7820341771039159
0.89824317137638
0.8757387480255672
0.626949859085773
0.7977474897760757
0.3358687056950319
0.06839423048516746
0.659558132228836
0.00950093402923069
0.002226879258134362
0.5226111076060038
0.13397217101404246
0.7743252259973576
0.09354795248661377
0.026238222797578148
0.4352480426097083
0.2592545694445315
0.69785400199454
0.4675391170338478
0.06687505115735104
0.6690880116384231
0.16444727214601698
0.057312011212620195
0.0032355807678206006
0.14057350566639104
0.16244530005313074
0.8833686496656765
0.24938906210563327
0.20273601823351245
0.3085086459370405
0.22277247556381416
0.47916970034180423
0.45113314431798535
0.3106346525809941
0.638057107675732
0.8584026928816836
0.6535132100692063
0.07549786022624216
0.8564738998986072
0.3130474979643955
0.04367987906549131
0.5934749899125903
0.3714373308671194
0.17178926746986334
0.0019576077245615497
0.017031043898596776
0.9502274563204995
0.8678477867882911
0.5333701319510367
0.5288423377334908
0.471384954668842
0.5134922420817535
0.011073870003864172
0.8323271414779643
0.2080642865891611
0.040688895138323744
0.8820668420386123
0.1591232196345742
0.6514702999266409
0.5131074615716502
0.9558643173245747
0.7185585213399432
0.13277530606326216
0.19482569180218867
0.04748580543259129
0.05010790753003391
0.7317273424876667
0.5958024208405426
0.40413109925826063
