0.031719649588840326
0.4169397458743309
0.605689584842831
0.03843060225850925
0.021937682063854158
0.012358427959900276
4.161515214429201e-06
0.0009369602626156937
0.018655733932001706
0.07788676654672977
0.23410663198950754
0.2712672852646807
0.05246340204683153
0.26574002340144265
0.13471670895132704
0.001733557210233716
0.7313335256565985
0.04340390567788677
0.23220795025574814
0.028900533789257832
0.15793680414148148
0.06321159663266673
0.004035452247600935
0.4384986326697442
0.002429196756912111
0.18162689044684155
0.0031163909182938543
0.21129431963542777
0.00024688262976768627
0.3270641937485359
0.00027996154977061316
0.10740749500196145
0.10263427968557526
0.0022257920145709598
0.010987837308573445
0.000987246570102407
0.31086348371777195
0.00726280819952807
0.7229432285884482
0.0013045910484696943
0.0034635061453045513
0.15282005124490894
0.2901159790165224
0.20376898902517482
0.044917734962020006
0.8338338568129461
0.017975575866277183
0.023517278452735768
0.23737984860955263
0.18454616422553083
0.07517932478832412
0.000327923364161542
5.3989082154259904e-05
0.30825537760473676
0.07839279663968712
0.018665502794867228
0.003457300811101627
6.732453833757646e-06
0.0009342504527452
0.15426259725338354
0.012762175705843815
0.7957203193294455
0.704236476159001
0.009530549136197664
0.7335026555753547
4.9557143823930616e-05
0.25374706386564694
0.012401317883784735
0.00020259645617115574
0.8946404144946019
0.06741029644921603
0.020716728473560098
0.0013514649037025261
0.43349294486292345
5.777067672907421e-06
0.14103621820170908
0.16274328554385198
0.07579389278207094
0.0050291902030628055
0.32066908494949975
0.11556271129052997
0.042671697574005574
0.07590716270960196
0.00655651066251739
0.29983839023974457
4.620934019960998e-05
0.011379908040625386
0.000552429412701505
6.55671457352458e-05
0.0004544869170728383
0.4057728986732063
0.0071221337343216895
0.036653136578175705
0.05050667671696574
0.004706365696945269
0.001211858995784576
0.0019558885744448418
0.6272989676592498
0.00032985551812436675
0.021654450754394095
0.0010175623089403452
0.021343412870886258
0.0045032893432528365
0.02249733560986944
0.06269656416831926
0.0017031548883839065
0.8176941368312942
0.04909178895911248
5.848056775548116e-05
0.0757727177626395
0.1244506905910796
0.12459945301853304
0.036682922927542494
0.13936803855987523
0.036108922628435236
0.1300587210624442
0.1626665003590504
0.022872539778349132
0.5731877445930907
0.009590656185146429
