0.9914544415463109
0.08298674275366946
0.7562533831664545
0.05908749660970221
0.7766011812345077
0.022345845405109976
0.7026216583954648
0.09288696751547379
0.8815648310176187
0.4458089853973848
0.09717850669340855
0.9315136652743932
0.52362317005407
0.36430419917518275
0.5500014314420104
0.7847624715962029
0.9307720834161184
0.6176331126605454
0.7352833363812865
0.693693876310893
0.8316911981646635
0.31612596529022263
0.07540950057508476
0.43448362221924963
0.8541489775390178
0.9595089748940748
0.2524606877249824
0.5702415348300518
0.1660657806088169
0.06933489748158969
0.6747897553033024
0.5817277831803807
0.6720052043558491
0.3764752448727414
0.03966996000206979
0.12130762890223831
0.4477576153940941
0.28707308546871846
0.7047294638217768
0.20425537553363882
0.8271285821955563
0.27035968175414493
0.7701573417406464
0.9195295106281819
0.58689880744747
0.777873446101418
0.7084153532856287
0.612376030838186
0.5342898745033566
0.8876689667825463
0.025749394807901504
0.17240599716839533
0.750979847022805
0.04595807927655238
0.4431560375239909
0.09349899637018
0.06661362714820318
0.2164274554949246
0.8249558159059804
0.43626347120578
0.2978010697060141
0.07013888919680467
0.7806522528643127
0.9982920407765337
0.430973838455325
0.6457837696129431
0.2892094615597438
0.47707427240580613
0.10212795017456577
0.0690574045903194
0.06697477044986488
0.4342881762123596
0.5437171731752019
0.10037808796458389
0.5400736884093882
0.33405763415965417
0.681537229339453
0.14478816499949554
0.9628251379632493
0.47546914643015453
0.38590297320538847
0.8504412254704303
0.21333425595855304
0.8623390347014586
0.4441968455785361
0.434974807891241
0.7316374703493468
0.3203508541913731
0.39310397231089556
0.4369880312317304
0.2600143514068424
0.8919380050023902
0.02208607712785038
0.8300192925942911
0.8872627359019701
0.6631693132580548
0.16669118621341994
0.4211255828026528
0.27261211031383453
0.7505983622705235
0.9437353265048187
0.37638939608402866
0.03099935414659405
0.35489002198957187
0.006527973136360998
0.6492311179005521
0.157293186207625
0.7794514260019416
0.029445431181307935
0.14490479419970503
0.268348230262785
0.9574153282517291
0.1581358548741032
0.6420219387991923
0.8527241454849785
0.8192574931016992
0.827789152695195
0.13490262302196343
0.5142134909729372
0.5453112790720349
