46.5264573097229
48.22003674507141
53.75935101509094
54.916231632232666
55.49685621261597
56.63390827178955
58.06196594238281
58.13000559806824
58.50155782699585
61.273648738861084
62.62431764602661
64.67101788520813
65.83242416381836
66.75876355171204
67.70041728019714
71.63374423980713
51.047940731048584
52.637144804000854
54.73394441604614
61.792208671569824
65.30185461044312
55.22619128227234
59.96684503555298
61.78775429725647
66.58331727981567
61.37692904472351
69.61131978034973
66.86832690238953
67.45592284202576
70.70462942123413
65.66040992736816
72.7579779624939
54.657485008239746
52.952022075653076
54.87548589706421
62.90537095069885
60.46614742279053
62.276585817337036
52.24645113945007
65.83231496810913
73.44222784042358
58.36282253265381
74.8881905078888
59.01559329032898
73.8644449710846
71.19226050376892
70.53520441055298
67.65703988075256
50.44127941131592
53.42779564857483
58.29471564292908
64.17870283126831
59.3769211769104
50.71756601333618
41.10764741897583
66.2658462524414
57.89460635185242
63.88680934906006
65.61506390571594
60.729966163635254
57.987975120544434
73.7714512348175
59.731117963790894
75.60776376724243
49.5979163646698
59.009185791015625
56.27559733390808
56.455788373947144
79.55726623535156
58.10301494598389
58.947070837020874
61.065102338790894
66.28060674667358
61.928783655166626
52.1829092502594
63.4360990524292
38.577258348464966
53.98054003715515
67.78629231452942
80.54683804512024
62.681296586990356
66.4555435180664
58.59913349151611
53.11200499534607
68.16569256782532
75.42243766784668
60.54449510574341
64.78720831871033
67.9129045009613
54.97880935668945
56.35435676574707
58.55009484291077
60.9511616230011
59.576517820358276
60.235785484313965
55.612170696258545
57.23599815368652
57.74778866767883
42.85580778121948
62.29356265068054
69.08814454078674
84.96461629867554
64.71032953262329
69.16578340530396
59.81300091743469
55.275384187698364
61.88912081718445
58.40580081939697
60.421226024627686
50.706804275512695
52.27339029312134
55.83408188819885
48.15145421028137
41.370758056640625
51.92925000190735
48.54644441604614
40.34385132789612
32.85233736038208
38.63139343261719
37.40804958343506
